 10 0.000055 96 184 1712
 110 0.000111 2231 5117 1712
 210 0.000210 4321 10378 1712
 310 0.000366 6906 16851 1712
 410 0.000465 9521 23423 1712
 510 0.000581 12479 30204 1712
 610 0.000727 14848 37065 1712
 710 0.000826 16488 42296 1712
 810 0.001008 19603 49965 1712
 910 0.001130 22841 58653 1712
 1010 0.001322 27339 68954 1712
 1110 0.001537 29525 76137 1712
 1210 0.001678 32244 82126 1712
 1310 0.001870 36499 90549 1712
 1410 0.002001 40026 99188 1712
 1510 0.002202 42395 105655 1712
 1610 0.002286 44849 114626 1712
 1710 0.002486 47147 121834 1712
 1810 0.002649 50204 130731 1712
 1910 0.002674 51785 135488 1712
 2010 0.003075 53773 143392 1712
 2110 0.002990 57118 150593 1712
 2210 0.003117 59066 155503 1712
 2310 0.003339 62986 167977 1712
 2410 0.003450 67761 179713 1712
 2510 0.003571 70052 184175 1712
 2610 0.003789 74114 195843 1712
 2710 0.004028 77500 206356 1712
 2810 0.004315 82828 219436 1712
 2910 0.004515 89823 232822 1712
 3010 0.005116 92753 241272 1712
 3110 0.004885 94909 247668 1712
 3210 0.004999 97077 257485 1712
 3310 0.005204 99981 262103 1712
 3410 0.005227 101514 267565 1712
 3510 0.005445 105731 279814 1712
 3610 0.005702 110080 290670 1712
 3710 0.005877 112561 297381 1712
 3810 0.005936 117132 307504 1712
 3910 0.006198 122755 314169 1712
 4010 0.006361 126134 325046 1712
 4110 0.006537 129483 330482 1712
 4210 0.006672 133099 343532 1712
 4310 0.006901 137437 353740 1712
 4410 0.007100 141438 361902 1712
 4510 0.007275 144027 374504 3588
 4610 0.007499 147295 380013 3588
 4710 0.007666 149729 389174 3588
 4810 0.007680 150715 392155 3588
 4910 0.007963 154465 405651 3588
 5010 0.008116 156433 412329 3588
 5110 0.008353 160404 424343 3588
 5210 0.008446 162806 430020 3588
 5310 0.008749 165998 442373 3588
 5410 0.008409 169546 456930 3588
 5510 0.009063 172864 461489 3588
 5610 0.009277 175730 466693 3588
 5710 0.009300 176423 473908 3588
 5810 0.009226 175868 475404 3588
 5910 0.009545 180732 490388 3588
 6010 0.009818 183224 497874 3588
 6110 0.010082 184011 500394 3588
 6210 0.010004 188779 509825 3588
 6310 0.010229 194214 522460 3588
 6410 0.010421 196655 535098 3588
 6510 0.010624 200308 549867 3588
 6610 0.010714 200202 546483 3588
 6710 0.010867 204850 557073 3588
 6810 0.011120 208646 565369 3588
 6910 0.011287 213155 582218 3588
 7010 0.011687 220339 596185 3588
 7110 0.011814 222705 605127 3588
 7210 0.012068 228044 618788 3588
 7310 0.012231 231961 630292 3588
 7410 0.012439 234563 637907 3588
 7510 0.012817 238959 644563 3588
 7610 0.013904 242461 657564 3588
 7710 0.013670 245556 660654 3588
 7810 0.015800 248675 674613 3588
 7910 0.013809 251002 681422 3588
 8010 0.013969 256902 698558 3588
 8110 0.013962 261967 711415 3588
 8210 0.014118 265260 719560 3588
 8310 0.014542 271362 733773 3588
 8410 0.015467 276814 741057 3588
 8510 0.014925 282885 765527 3588
 8610 0.015847 291478 784036 3588
 8710 0.015613 299050 797013 3588
 8810 0.017854 305057 811866 3588
 8910 0.016193 308518 814639 3588
 9010 0.017530 311163 830566 3588
 9110 0.017354 313210 834770 3588
 9210 0.016735 316431 845483 3588
 9310 0.016826 317393 845724 3588
 9410 0.016864 321344 859155 3588
 9510 0.018824 326263 873676 3588
 9610 0.019588 328414 879860 3588
 9710 0.017944 329888 880533 3588
 9810 0.018233 333644 894993 3588
 9910 0.017940 337892 910133 3588
 10010 0.018397 339594 917221 3588
 10110 0.019016 344146 932450 3588
 10210 0.020377 340980 925276 3588
 10310 0.019707 346361 942534 3588
 10410 0.020308 350221 944991 3588
 10510 0.021002 355486 961798 3588
 10610 0.020695 360622 976965 3588
 10710 0.020135 364226 991388 3588
 10810 0.019616 368974 1003520 3588
 10910 0.021878 372400 1013948 3588
 11010 0.022089 377557 1015255 3588
 11110 0.021944 381103 1023016 3588
 11210 0.021468 384106 1027849 3588
 11310 0.024011 389340 1044240 3588
 11410 0.023244 393433 1053044 3588
 11510 0.021021 395832 1052661 3588
 11610 0.021206 401639 1064020 3588
 11710 0.023111 405569 1070842 3588
 11810 0.023415 413792 1091369 3588
 11910 0.024634 416496 1107407 3588
 12010 0.022348 422645 1114103 3588
 12110 0.027687 425942 1114560 3588
 12210 0.023360 429595 1137870 3588
 12310 0.022748 432496 1145952 3588
 12410 0.022752 435893 1156288 3588
 12510 0.023121 444149 1168348 3588
 12610 0.023217 446246 1184380 3588
 12710 0.023545 454682 1199083 3588
 12810 0.024063 455532 1203254 3588
 12910 0.024216 456901 1200429 3740
 13010 0.025217 461657 1213818 3740
 13110 0.025057 469164 1240729 3740
 13210 0.025163 470007 1235993 3740
 13310 0.024678 475331 1253704 3740
 13410 0.024866 479522 1275918 3740
 13510 0.024915 480771 1261181 3740
 13610 0.025089 483935 1280784 3740
 13710 0.025422 489699 1292728 3740
 13810 0.025571 490333 1306593 3740
 13910 0.026149 492841 1305489 3740
 14010 0.028437 496323 1313709 3740
 14110 0.026203 498092 1320532 3740
 14210 0.026356 503940 1346283 3740
 14310 0.026196 505404 1346645 3740
 14410 0.026464 502953 1341694 3740
 14510 0.026792 511406 1363488 3740
 14610 0.026921 514705 1386351 3740
 14710 0.027555 516575 1386212 3740
 14810 0.027418 517833 1390885 3740
 14910 0.028089 522827 1400737 3740
 15010 0.028290 526216 1434530 3740
 15110 0.028357 528933 1436039 3740
 15210 0.028486 534892 1438760 3740
 15310 0.028735 539062 1452331 3740
 15410 0.029030 540045 1460935 3740
 15510 0.029063 545680 1478630 3740
 15610 0.031008 547876 1486514 3740
 15710 0.030617 551102 1488370 3740
 15810 0.030538 551794 1497980 3740
 15910 0.030144 559523 1540283 3788
 16010 0.032628 559290 1522828 3788
 16110 0.030563 562190 1546906 3788
 16210 0.030956 565441 1550280 3788
 16310 0.030588 572557 1553815 3788
 16410 0.031166 571760 1558561 3788
 16510 0.031203 578336 1583226 3788
 16610 0.031104 582032 1601166 3788
 16710 0.032316 586321 1609528 3788
 16810 0.034105 592937 1633251 3804
 16910 0.031509 585322 1604279 3804
 17010 0.031695 589504 1604513 3804
 17110 0.032957 588217 1632637 3808
 17210 0.031944 585090 1611563 3808
 17310 0.032698 597314 1654070 3808
 17410 0.032423 597717 1653827 3808
 17510 0.032412 598572 1655161 3808
 17610 0.032950 602559 1664068 3808
 17710 0.032834 605372 1676982 3816
 17810 0.033283 604202 1664244 3816
 17910 0.033743 608952 1703057 3816
 18010 0.033254 607222 1685921 3816
 18110 0.033386 616967 1712831 3816
 18210 0.033319 616020 1706855 3816
 18310 0.033489 619375 1721982 3820
 18410 0.033601 624238 1722153 3820
 18510 0.033959 629986 1755570 3820
 18610 0.034081 631189 1752915 3820
 18710 0.035825 637927 1763033 3820
 18810 0.034733 641130 1782923 3820
 18910 0.035224 648435 1805681 3824
 19010 0.035189 649926 1808750 3824
 19110 0.035644 653323 1806366 3824
 19210 0.035880 661134 1831622 3828
 19310 0.035780 661516 1827272 3828
 19410 0.036740 666056 1844837 3828
 19510 0.036575 670821 1852268 3828
 19610 0.036572 670580 1867603 3828
 19710 0.036710 674618 1876944 3828
 19810 0.036774 675895 1869973 3836
 19910 0.037134 680103 1889237 3836
 20010 0.037544 684307 1914732 3836
 20110 0.038003 693111 1940600 3836
 20210 0.037871 693651 1919400 3836
 20310 0.038070 700385 1953583 3836
 20410 0.038134 703157 1966518 3836
 20510 0.038435 704784 1954626 3836
 20610 0.039271 710843 1971718 3836
 20710 0.039082 713684 1983699 3840
 20810 0.039132 720515 2001054 3840
 20910 0.039596 730162 2022809 3840
 21010 0.039460 727687 2010705 3844
 21110 0.040309 736654 2028812 3844
 21210 0.040915 736658 2039188 3844
 21310 0.040536 744833 2048792 3848
 21410 0.041673 748536 2064504 3848
 21510 0.040777 756311 2094230 3848
 21610 0.041373 757953 2093825 3848
 21710 0.041116 764280 2121239 3848
 21810 0.041464 768589 2136576 3848
 21910 0.041947 771471 2113421 3852
 22010 0.041707 779068 2141232 3852
 22110 0.042242 783195 2183311 3852
 22210 0.042147 783556 2166080 3856
 22310 0.042564 785342 2162133 3856
 22410 0.042799 790657 2192391 3856
 22510 0.046511 793737 2197091 3856
 22610 0.044380 795707 2188416 3856
 22710 0.043402 803909 2216400 3856
 22810 0.043410 805802 2233873 3864
 22910 0.043839 812328 2250672 3864
 23010 0.044254 812550 2239120 3864
 23110 0.044827 822962 2264400 3864
 23210 0.044438 827027 2285581 3864
 23310 0.044775 835079 2308004 3864
 23410 0.045182 843255 2329590 3864
 23510 0.045036 839367 2327405 3864
 23610 0.045468 845676 2329595 3864
 23710 0.045561 845887 2338048 3868
 23810 0.046162 851248 2335502 3868
 23910 0.046447 861407 2378983 3868
 24010 0.046393 864156 2363036 3872
 24110 0.047276 866800 2395887 3872
 24210 0.046760 869054 2403390 3872
 24310 0.047346 874550 2413738 3876
 24410 0.047703 882439 2444614 3876
 24510 0.048650 884141 2452907 3876
 24610 0.048209 888458 2452241 3876
 24710 0.048865 892301 2474365 3876
 24810 0.048906 899708 2491291 3876
 24910 0.049090 901469 2493273 3884
 25010 0.049087 906973 2520016 3884
 25110 0.050094 915853 2506993 3884
 25210 0.050360 920666 2550955 3884
 25310 0.049773 929016 2545285 3884
 25410 0.050682 933945 2569284 3884
 25510 0.054127 943295 2575823 3884
 25610 0.054030 951888 2625357 3884
 25710 0.050921 955912 2600026 3884
 25810 0.052194 969417 2651148 3888
 25910 0.052191 974954 2657569 3888
 26010 0.051910 978294 2667935 3888
 26110 0.052482 993788 2721897 3892
 26210 0.053193 995732 2725582 3892
 26310 0.053047 1004302 2726844 3892
 26410 0.053256 1003255 2726332 3896
 26510 0.053369 1012562 2747730 3896
 26610 0.053814 1016836 2755954 3896
 26710 0.053952 1015710 2762883 3896
 26810 0.054583 1024844 2795206 3896
 26910 0.054262 1024890 2779973 3896
 27010 0.057651 1028682 2792513 3904
 27110 0.055302 1033085 2839360 3904
 27210 0.055739 1039501 2812746 3904
 27310 0.065256 1037657 2828023 3904
 27410 0.057041 1037930 2834183 3904
 27510 0.057620 1039879 2849213 3904
 27610 0.056623 1046487 2847604 3904
 27710 0.055684 1045651 2853002 3904
 27810 0.056125 1052833 2866797 3904
 27910 0.056568 1056973 2901124 3912
 28010 0.057494 1062844 2894268 3912
 28110 0.057268 1072849 2916808 3912
 28210 0.056869 1068784 2912883 3912
 28310 0.059032 1079612 2932641 3912
 28410 0.057403 1081539 2976007 3912
 28510 0.058066 1084962 2945832 3912
 28610 0.058545 1085192 2966067 3912
 28710 0.058228 1083456 2938465 3912
 28810 0.058270 1092499 2975600 3916
 28910 0.058745 1089935 2982629 3916
 29010 0.058452 1089420 2978907 3916
 29110 0.059249 1097455 3002490 3920
 29210 0.059024 1103215 3009483 3920
 29310 0.063519 1103403 3064285 3920
 29410 0.060837 1106321 3048976 3924
 29510 0.061675 1112225 3063603 3924
 29610 0.059945 1109046 3055841 3924
 29710 0.060266 1116851 3065566 3924
 29810 0.062212 1125150 3079951 3924
 29910 0.067991 1125797 3122193 3924
 30010 0.061112 1131929 3124332 3932
 30110 0.061778 1141651 3145224 3932
 30210 0.061998 1141139 3143261 3932
 30310 0.062662 1140334 3125913 3932
 30410 0.061620 1143997 3135698 3932
 30510 0.061632 1142690 3146129 3932
 30610 0.061878 1137755 3151528 3932
 30710 0.061853 1148863 3138835 3932
 30810 0.062210 1150463 3169702 3932
 30910 0.062681 1156257 3210844 3936
 31010 0.063557 1159726 3221408 3936
 31110 0.062924 1160606 3206676 3936
 31210 0.066393 1172928 3222521 3940
 31310 0.064966 1170754 3224242 3940
 31410 0.063860 1176162 3238139 3940
 31510 0.064567 1181280 3239426 3944
 31610 0.064203 1189292 3271239 3944
 31710 0.064541 1193842 3267510 3944
 31810 0.065232 1201918 3337128 3944
 31910 0.065223 1202667 3326273 3944
 32010 0.065634 1208271 3327175 3944
 32110 0.065672 1204451 3308765 3948
 32210 0.065864 1219020 3357886 3948
 32310 0.065910 1217905 3360471 3948
 32410 0.066179 1227951 3382989 3952
 32510 0.066469 1227465 3391862 3952
 32610 0.067030 1229095 3387890 3952
 32710 0.067553 1238281 3430132 3952
 32810 0.071330 1246108 3431025 3952
 32910 0.067966 1251282 3443389 3960
 33010 0.069878 1255651 3465812 3960
 33110 0.080588 1256525 3450220 3832
 33210 0.067999 1259390 3481255 3832
 33310 0.069414 1260661 3468827 4092
 33410 0.068266 1268511 3482408 3964
 33510 0.068467 1271053 3504342 3964
 33610 0.068406 1271423 3491194 3964
 33710 0.068636 1278947 3489334 3964
 33810 0.068768 1285480 3518284 3964
 33910 0.069201 1292468 3537072 3968
 34010 0.070710 1296051 3571015 3968
 34110 0.072971 1298651 3538316 3840
 34210 0.070378 1305922 3546183 3840
 34310 0.070109 1312218 3607339 4100
 34410 0.071516 1311578 3586102 3972
 34510 0.070512 1319432 3601445 3972
 34610 0.071050 1326329 3588142 3972
 34710 0.072987 1328005 3590184 3972
 34810 0.071901 1336297 3620551 3972
 34910 0.091957 1337462 3612452 3976
 35010 0.072729 1339157 3640047 3976
 35110 0.072149 1343481 3631454 3852
 35210 0.073057 1359834 3706480 3852
 35310 0.072184 1357346 3672827 4112
 35410 0.072716 1366085 3709092 3980
 35510 0.072533 1370095 3690380 3980
 35610 0.073274 1379259 3711300 3980
 35710 0.074102 1384905 3740238 3984
 35810 0.073474 1388541 3733751 3984
 35910 0.074384 1397774 3790639 3988
 36010 0.075145 1388561 3749543 3988
 36110 0.075012 1401909 3759957 3860
 36210 0.074227 1402826 3764740 3860
 36310 0.075057 1413894 3816046 4120
 36410 0.074864 1416990 3802958 3992
 36510 0.074971 1415570 3812031 3992
 36610 0.074931 1413955 3792910 3992
 36710 0.076261 1426190 3861384 3992
 36810 0.075432 1425939 3841666 3992
 36910 0.075955 1432347 3889175 3996
 37010 0.076391 1434885 3851035 3996
 37110 0.076786 1448132 3889021 3868
 37210 0.076467 1442480 3932805 3868
 37310 0.076816 1447152 3930952 4128
 37410 0.077132 1460456 3974775 4000
 37510 0.077665 1457996 3954336 4000
 37610 0.078008 1471082 3967765 4000
 37710 0.077707 1473963 3980146 4000
 37810 0.077926 1474555 3974152 4000
 37910 0.078705 1477239 3988415 4004
 38010 0.078915 1481245 3986426 4004
 38110 0.080328 1492259 4022667 3876
 38210 0.080584 1487753 4023089 3876
 38310 0.080209 1508651 4050070 4136
 38410 0.080465 1518070 4081528 4008
 38510 0.080099 1512229 4094001 4008
 38610 0.084570 1517505 4083644 4008
 38710 0.080775 1515003 4068919 4008
 38810 0.080165 1522281 4090455 4008
 38910 0.080423 1529859 4134952 4016
 39010 0.080943 1534398 4135494 4016
 39110 0.081765 1533927 4119992 3884
 39210 0.082361 1547406 4130573 3884
 39310 0.082227 1550069 4160669 4144
 39410 0.082964 1544697 4180497 4020
 39510 0.082999 1559426 4180275 4020
 39610 0.083108 1564612 4205318 4020
 39710 0.083280 1557436 4171571 4020
 39810 0.083957 1569775 4199627 4020
 39910 0.083142 1567341 4241200 4020
 40010 0.086139 1580372 4264051 4020
 40110 0.083602 1572412 4245546 4020
 40210 0.084104 1588982 4275319 4024
 40310 0.084120 1593118 4311151 4024
 40410 0.085147 1596604 4314193 4024
 40510 0.084622 1588968 4268333 4028
 40610 0.086753 1599676 4299084 4028
 40710 0.085069 1604808 4336548 4028
 40810 0.085820 1611341 4375191 4028
 40910 0.086944 1598848 4258728 4028
 41010 0.086204 1614973 4338829 4032
 41110 0.088266 1623539 4395328 4036
 41210 0.090703 1616713 4374192 3908
 41310 0.086909 1622889 4397948 3908
 41410 0.087369 1629218 4418638 4168
 41510 0.086827 1624720 4389012 4036
 41610 0.093909 1629054 4417678 4036
 41710 0.087857 1635241 4407559 4036
 41810 0.087366 1635498 4398632 4040
 41910 0.087934 1634758 4429174 4040
 42010 0.088131 1639632 4429345 4044
 42110 0.088235 1647066 4442223 4044
 42210 0.087948 1647314 4468785 3916
 42310 0.088544 1653456 4480720 3916
 42410 0.089069 1661306 4512169 4176
 42510 0.089100 1662012 4528013 4048
 42610 0.090074 1656767 4497468 4048
 42710 0.090337 1658485 4523677 4048
 42810 0.090631 1662554 4520557 4048
 42910 0.093980 1665652 4553322 4048
 43010 0.090742 1679220 4602564 4052
 43110 0.090593 1669775 4555767 4052
 43210 0.093650 1673906 4530484 3924
 43310 0.089881 1668963 4585734 3924
 43410 0.091170 1693797 4610726 4184
 43510 0.091707 1688337 4563456 4056
 43610 0.092195 1693388 4648968 4056
 43710 0.099728 1690338 4653079 4056
 43810 0.092961 1697559 4609124 4060
 43910 0.092164 1693732 4605290 4060
 44010 0.093546 1704130 4672336 4060
 44110 0.092757 1713568 4676974 4060
 44210 0.093885 1709545 4698438 4060
 44310 0.096549 1714529 4716713 4060
 44410 0.094267 1721986 4722748 4060
 44510 0.094888 1715682 4717988 4060
 44610 0.097943 1726039 4733305 4064
 44710 0.094461 1738887 4742112 4064
 44810 0.094137 1726952 4756856 4064
 44910 0.094658 1735201 4796729 4068
 45010 0.096052 1736329 4750213 4068
 45110 0.096042 1746653 4824675 4072
 45210 0.097087 1757536 4794054 4072
 45310 0.096748 1762974 4856228 3944
 45410 0.095955 1753583 4848605 3944
 45510 0.095603 1762558 4843231 4204
 45610 0.096589 1771209 4901790 4076
 45710 0.097505 1762427 4876872 4076
 45810 0.098265 1772908 4893831 4076
 45910 0.098512 1777413 4916694 4076
 46010 0.100012 1776351 4906135 4076
 46110 0.097136 1785979 4926056 4084
 46210 0.099416 1786164 4917377 4084
 46310 0.101055 1789513 4942223 3952
 46410 0.100249 1793231 4941868 3952
 46510 0.099145 1803536 4958494 4212
 46610 0.102075 1801391 4976203 4088
 46710 0.098776 1808523 4984087 4088
 46810 0.099674 1807353 5012378 4088
 46910 0.099464 1811359 5032706 4088
 47010 0.099547 1810309 4986756 4088
 47110 0.103050 1828058 5034324 4092
 47210 0.102454 1820164 5016382 4096
 47310 0.099656 1819128 5016080 3964
 47410 0.100634 1820063 5043400 3964
 47510 0.100040 1828584 5069474 4224
 47610 0.105840 1834534 5091924 4096
 47710 0.102485 1853433 5165813 4096
 47810 0.107215 1853977 5098330 4096
 47910 0.103794 1852725 5129678 4096
 48010 0.103309 1852140 5098321 4096
 48110 0.107073 1861895 5162684 4096
 48210 0.103681 1862389 5176095 4100
 48310 0.102189 1870838 5193285 4100
 48410 0.103782 1879202 5191031 4100
 48510 0.103528 1868361 5217376 4100
 48610 0.105283 1873624 5170426 4100
 48710 0.103969 1890651 5243487 4104
 48810 0.103132 1883167 5258230 4104
 48910 0.103833 1898703 5268405 4104
 49010 0.115405 1894103 5282228 4108
 49110 0.103986 1897095 5248855 4108
 49210 0.104850 1908809 5313193 4112
 49310 0.104568 1898884 5292291 4112
 49410 0.104753 1905139 5297781 3984
 49510 0.104658 1910943 5330499 3984
 49610 0.106118 1914124 5341654 4244
 49710 0.105437 1920322 5367570 4112
 49810 0.107820 1921037 5375219 4112
 49910 0.112340 1933598 5410853 4372
 50010 0.106668 1931568 5331020 4116
 50110 0.107178 1947274 5458156 4116
 50210 0.106993 1947000 5436182 4120
 50310 0.107168 1953916 5489301 4120
 50410 0.108485 1956925 5459227 3988
 50510 0.107540 1959295 5460250 3988
 50610 0.108501 1952547 5476483 4248
 50710 0.106334 1941147 5424868 4124
 50810 0.106852 1952709 5417484 4124
 50910 0.110863 1958325 5412238 4384
 51010 0.107423 1961201 5483421 4128
 51110 0.113012 1956215 5480151 4128
 51210 0.110583 1957653 5447553 4132
 51310 0.107512 1965164 5505974 4132
 51410 0.108649 1962295 5490315 4000
 51510 0.107738 1968734 5517001 4000
 51610 0.108043 1962808 5493691 4260
 51710 0.108125 1968378 5505781 4132
 51810 0.107972 1963810 5580069 4132
 51910 0.108641 1973804 5608289 4392
 52010 0.107784 1970713 5527983 4132
 52110 0.108131 1970218 5516544 4132
 52210 0.109095 1987654 5597188 4392
 52310 0.108583 1975936 5555774 4136
 52410 0.108883 1991867 5593437 4136
 52510 0.109113 1987186 5629094 4136
 52610 0.115904 1996250 5630242 4136
 52710 0.115809 1999872 5629949 4396
 52810 0.112381 2002553 5646387 4144
 52910 0.114372 2000591 5607408 4144
 53010 0.117422 2011714 5660854 4404
 53110 0.117328 2015131 5656552 4144
 53210 0.116341 2021413 5695306 4144
 53310 0.113875 2019175 5673319 4152
 53410 0.117118 2021433 5727666 4152
 53510 0.115606 2018277 5659682 4024
 53610 0.115232 2031354 5751131 4024
 53710 0.111990 2027176 5745918 4284
 53810 0.113699 2039492 5824077 4152
 53910 0.113412 2034501 5766563 4152
 54010 0.114848 2042990 5771997 4412
 54110 0.113767 2044645 5756516 4156
 54210 0.113829 2048838 5783408 4156
 54310 0.114634 2053292 5792986 4160
 54410 0.124007 2057497 5802932 4160
 54510 0.117983 2052150 5774036 4028
 54610 0.115401 2065812 5843545 4028
 54710 0.114918 2052122 5778542 4288
 54810 0.115633 2061094 5807012 4160
 54910 0.119382 2064447 5859414 4160
 55010 0.117797 2066917 5815360 4420
 55110 0.115729 2063938 5798976 4164
 55210 0.118506 2078602 5872553 4164
 55310 0.132490 2078547 5923530 4168
 55410 0.118574 2075649 5835240 4168
 55510 0.116490 2081601 5905374 4036
 55610 0.118667 2100354 5913883 4036
 55710 0.117135 2098689 5918914 4296
 55810 0.117399 2106088 5921511 4172
 55910 0.118122 2107804 5969385 4172
 56010 0.118355 2117216 5954888 4432
 56110 0.118654 2130372 5988780 4172
 56210 0.136360 2125225 5990110 4172
 56310 0.118383 2131311 5998505 4432
 56410 0.118865 2135058 5995131 4176
 56510 0.121823 2138293 6020478 4176
 56610 0.120110 2154164 6022799 4176
 56710 0.123524 2144461 6018817 4176
 56810 0.124583 2159114 6093377 4436
 56910 0.122534 2175037 6101665 4180
 57010 0.124902 2162287 6052368 4180
 57110 0.120710 2168488 6051693 4440
 57210 0.127375 2173185 6136158 4184
 57310 0.128145 2180776 6178018 4184
 57410 0.142009 2191372 6169831 4188
 57510 0.132835 2193782 6182806 4188
 57610 0.122146 2198367 6192042 4064
 57710 0.133592 2192233 6137359 4064
 57810 0.133238 2198549 6178186 4324
 57910 0.125557 2202065 6217575 4192
 58010 0.123173 2199751 6172078 4192
 58110 0.125455 2210262 6219424 4452
 58210 0.124688 2213780 6232985 4192
 58310 0.125400 2224218 6318874 4192
 58410 0.125731 2213572 6224293 4200
 58510 0.125030 2230728 6280586 4200
 58610 0.123586 2234752 6295788 4068
 58710 0.123216 2230952 6251709 4068
 58810 0.125744 2227338 6257481 4328
 58910 0.124094 2227518 6315356 4200
 59010 0.127266 2240500 6330801 4200
 59110 0.132231 2251217 6400906 4460
 59210 0.129376 2235952 6286610 4200
 59310 0.129514 2249660 6367437 4200
 59410 0.125076 2243528 6326427 4208
 59510 0.124620 2250495 6344531 4208
 59610 0.131319 2263738 6368601 4076
 59710 0.129411 2263963 6423058 4076
 59810 0.128833 2260952 6369444 4336
 59910 0.127321 2275306 6423571 4208
 60010 0.127752 2272013 6372420 4208
 60110 0.131325 2280083 6450703 4468
 60210 0.127334 2288644 6471703 4212
 60310 0.131167 2286319 6459931 4212
 60410 0.127089 2294205 6454291 4472
 60510 0.127932 2297799 6499854 4212
 60610 0.132719 2300077 6496026 4212
 60710 0.132244 2313644 6561241 4216
 60810 0.131019 2318269 6590081 4216
 60910 0.130800 2308148 6510078 4476
 61010 0.131420 2324038 6548648 4220
 61110 0.131461 2321606 6582709 4220
 61210 0.131831 2341974 6615097 4480
 61310 0.131479 2331563 6596997 4224
 61410 0.148816 2341592 6616274 4224
 61510 0.137372 2352748 6675893 4228
 61610 0.135365 2348170 6594179 4228
 61710 0.137600 2345717 6621956 4100
 61810 0.136152 2346044 6618170 4100
 61910 0.132397 2353894 6633582 4360
 62010 0.145334 2374908 6712919 4232
 62110 0.157507 2384125 6693030 4232
 62210 0.141730 2376459 6694307 4492
 62310 0.145758 2380682 6716152 4232
 62410 0.139642 2395523 6686866 4232
 62510 0.139940 2402691 6779422 4236
 62610 0.149994 2399466 6792171 4236
 62710 0.156251 2407925 6836148 4112
 62810 0.140803 2415777 6829032 4112
 62910 0.144484 2412440 6803408 4372
 63010 0.144076 2432570 6817388 4240
 63110 0.145380 2433877 6839462 4240
 63210 0.144213 2436163 6850599 4500
 63310 0.146024 2435583 6866164 4240
 63410 0.138286 2449905 6892918 4240
 63510 0.139898 2464202 6922866 4244
 63610 0.137876 2461158 6862255 4244
 63710 0.138061 2465899 6908294 4116
 63810 0.135962 2462837 6847047 4116
 63910 0.136428 2477934 6957919 4376
 64010 0.136553 2471731 6932417 4248
 64110 0.143196 2478012 6966608 4248
 64210 0.140188 2476428 6955759 4508
 64310 0.150668 2495022 6977010 4252
 64410 0.141439 2492363 7011052 4252
 64510 0.145278 2506770 7013094 4256
 64610 0.142810 2508622 7069045 4260
 64710 0.151160 2516489 7089966 4128
 64810 0.140380 2515528 7057376 4128
 64910 0.146489 2531068 7080648 4388
 65010 0.143995 2534686 7129160 4260
 65110 0.142500 2540789 7180240 4260
 65210 0.139902 2530092 7138420 4520
 65310 0.157749 2547887 7179319 4260
 65410 0.149594 2553720 7159737 4260
 65510 0.147210 2539351 7116223 4520
 65610 0.156167 2566222 7229949 4260
 65710 0.158697 2555688 7159913 4260
 65810 0.145570 2574055 7253334 4260
 65910 0.141464 2569378 7260971 4260
 66010 0.158538 2571036 7191633 4520
 66110 0.150206 2577136 7264207 4268
 66210 0.158164 2578777 7238022 4268
 66310 0.156428 2595565 7296727 4528
 66410 0.164160 2582288 7240170 4272
 66510 0.156698 2588274 7316405 4272
 66610 0.148925 2600706 7345911 4276
 66710 0.148123 2614486 7310546 4276
 66810 0.160584 2622968 7414394 4148
 66910 0.159800 2604471 7279252 4148
 67010 0.151158 2613165 7380453 4408
 67110 0.149492 2608560 7298625 4280
 67210 0.148942 2629099 7404285 4280
 67310 0.152413 2610869 7262926 4540
 67410 0.166117 2627958 7328939 4280
 67510 0.152880 2636500 7415177 4280
 67610 0.153650 2634420 7398152 4284
 67710 0.148751 2643961 7446211 4284
 67810 0.147586 2654529 7391356 4156
 67910 0.151640 2646410 7386317 4416
 68010 0.155928 2661124 7476594 4680
 68110 0.206284 2666847 7460088 4288
 68210 0.155633 2662337 7471484 4288
 68310 0.158175 2675303 7551483 4548
 68410 0.149539 2663997 7431901 4288
 68510 0.156110 2683277 7524288 4288
 68610 0.154066 2696373 7569567 4292
 68710 0.158670 2680812 7536758 4292
 68810 0.149706 2699377 7573623 4164
 68910 0.152859 2693149 7586697 4424
 69010 0.150665 2701068 7575965 4688
 69110 0.158185 2710762 7633303 4296
 69210 0.161245 2712066 7608056 4296
 69310 0.160013 2712005 7613443 4556
 69410 0.160970 2711958 7612540 4300
 69510 0.158797 2720908 7585881 4300
 69610 0.170425 2733946 7671318 4560
 69710 0.164713 2744879 7712444 4300
 69810 0.163186 2749036 7713293 4560
 69910 0.161218 2763143 7751441 4304
 70010 0.159632 2762471 7768788 4304
 70110 0.159227 2762221 7752761 4564
 70210 0.157870 2771524 7814697 4308
 70310 0.156623 2768295 7789969 4308
 70410 0.165210 2772059 7789567 4568
 70510 0.161031 2773917 7862894 4308
 70610 0.163564 2798873 7849919 4308
 70710 0.159994 2791893 7876225 4312
 70810 0.155239 2798154 7899812 4312
 70910 0.154158 2787488 7787330 4184
 71010 0.156142 2795397 7837771 4444
 71110 0.156551 2804573 7819032 4708
 71210 0.156454 2803876 7898239 4316
 71310 0.156035 2806249 7872101 4316
 71410 0.157656 2824065 7956425 4576
 71510 0.159909 2822711 7907476 4316
 71610 0.163907 2827980 7888866 4316
 71710 0.159515 2834467 7970144 4324
 71810 0.175178 2840776 7973617 4324
 71910 0.165343 2853052 7955520 4192
 72010 0.163046 2848316 7991362 4452
 72110 0.163547 2854385 7976228 4716
 72210 0.171306 2862250 8059322 4324
 72310 0.177457 2853559 8035275 4324
 72410 0.163148 2858797 7978831 4584
 72510 0.163224 2867297 8012052 4328
 72610 0.161265 2881427 8085189 4328
 72710 0.159757 2888783 8112913 4332
 72810 0.159890 2900636 8115621 4332
 72910 0.162399 2908584 8187718 4200
 73010 0.160448 2891942 8138133 4460
 73110 0.161371 2905091 8210385 4724
 73210 0.160082 2903482 8187037 4336
 73310 0.163470 2904978 8133184 4336
 73410 0.170180 2917823 8187845 4596
 73510 0.175601 2928896 8204566 4336
 73610 0.173820 2928229 8214496 4336
 73710 0.172874 2944312 8252693 4596
 73810 0.175644 2937251 8314379 4340
 73910 0.180043 2935810 8203684 4600
 74010 0.171578 2948065 8231980 4340
 74110 0.174714 2943056 8244010 4340
 74210 0.166029 2962192 8281355 4600
 74310 0.173945 2978731 8438788 4344
 74410 0.173460 2985192 8436785 4344
 74510 0.175966 2974823 8404044 4604
 74610 0.169812 2979330 8352911 4348
 74710 0.167934 2984432 8385508 4348
 74810 0.172655 2981889 8393108 4352
 74910 0.166366 3008731 8462787 4352
 75010 0.178253 3015181 8446763 4224
 75110 0.172485 3007732 8373610 4484
 75210 0.175873 3026252 8510522 4748
 75310 0.175359 3037744 8465279 4352
 75410 0.173834 3031173 8504181 4352
 75510 0.171933 3038541 8514901 4612
 75610 0.176598 3048927 8530520 4356
 75710 0.179785 3056388 8548596 4356
 75810 0.176940 3055927 8551565 4360
 75910 0.169698 3064280 8558108 4360
 76010 0.173931 3068835 8565681 4232
 76110 0.183044 3079739 8639491 4492
 76210 0.182284 3086750 8643407 4756
 76310 0.179309 3090033 8682210 4364
 76410 0.169778 3086545 8624081 4364
 76510 0.172444 3102730 8644372 4624
 76610 0.173989 3120126 8759595 4368
 76710 0.172298 3113758 8632642 4368
 76810 0.172810 3130349 8795818 4372
 76910 0.174784 3138651 8772217 4372
 77010 0.174753 3151956 8816168 4240
 77110 0.175800 3162082 8773490 4500
 77210 0.183451 3167044 8869349 4764
 77310 0.173782 3169939 8875909 4372
 77410 0.189102 3184921 8842367 4372
 77510 0.179057 3188845 8912679 4632
 77610 0.177968 3186060 8852046 4376
 77710 0.180915 3201747 8971008 4376
 77810 0.176166 3218845 8906700 4636
 77910 0.178022 3224776 8933004 4376
 78010 0.180623 3230809 8961982 4636
 78110 0.183071 3243376 8968849 4376
 78210 0.178082 3254583 9009275 4376
 78310 0.179709 3265949 9003837 4636
 78410 0.182909 3247904 9016682 4384
 78510 0.179363 3285367 9082329 4384
 78610 0.195137 3282536 9086041 4644
 78710 0.181834 3293504 9102275 4384
 78810 0.178653 3302791 9151613 4384
 78910 0.180207 3314554 9125726 4388
 79010 0.179934 3304456 9069820 4388
 79110 0.189540 3309170 9168393 4264
 79210 0.186534 3308414 9090261 4524
 79310 0.183571 3306639 9150531 4788
 79410 0.191098 3324450 9206100 4392
 79510 0.187332 3319961 9138031 4392
 79610 0.188156 3325739 9252066 4652
 79710 0.183967 3331665 9177679 4396
 79810 0.184913 3346911 9163868 4396
 79910 0.186397 3347526 9189737 4400
 80010 0.181498 3336386 9222419 4404
 80110 0.184898 3343461 9178069 4272
 80210 0.182350 3367908 9307128 4532
 80310 0.182864 3352744 9249860 4796
 80410 0.187386 3357910 9321523 4404
 80510 0.183817 3372824 9320818 4404
 80610 0.183694 3361307 9291903 4664
 80710 0.196895 3367241 9298721 4404
 80810 0.184951 3375520 9274555 4404
 80910 0.184845 3387589 9344080 4408
 81010 0.185800 3392003 9404702 4408
 81110 0.183806 3382726 9327161 4276
 81210 0.185268 3382561 9389390 4536
 81310 0.193778 3393331 9387584 4800
 81410 0.194125 3383382 9398513 4416
 81510 0.192850 3390981 9372752 4416
 81610 0.185673 3411557 9415483 4676
 81710 0.185004 3402947 9451944 4416
 81810 0.185377 3409423 9403931 4416
 81910 0.185944 3411647 9501118 4676
 82010 0.191269 3411319 9521859 4416
 82110 0.186751 3407397 9442901 4676
 82210 0.186732 3411941 9441069 4416
 82310 0.190700 3436496 9565960 4416
 82410 0.189106 3429562 9596040 4676
 82510 0.190800 3441249 9579132 4420
 82610 0.188863 3429945 9508928 4420
 82710 0.188631 3443524 9507219 4680
 82810 0.193597 3455834 9662731 4424
 82910 0.205867 3448209 9629193 4424
 83010 0.191652 3450160 9600885 4428
 83110 0.191865 3444225 9573634 4428
 83210 0.191484 3453202 9605087 4300
 83310 0.195710 3465714 9633088 4560
 83410 0.195819 3472341 9629734 4824
 83510 0.191454 3455855 9646441 4432
 83610 0.191822 3476513 9651091 4432
 83710 0.193706 3471641 9677378 4692
 83810 0.193792 3464437 9581892 4432
 83910 0.191143 3462730 9541262 4432
 84010 0.193198 3485727 9700976 4436
 84110 0.192490 3482221 9646082 4436
 84210 0.191566 3488824 9632999 4308
 84310 0.201835 3519757 9762114 4568
 84410 0.193213 3506677 9773561 4832
 84510 0.196928 3514921 9738694 4440
 84610 0.207492 3507724 9702131 4440
 84710 0.210992 3531156 9831076 4964
 84810 0.198260 3539363 9776676 4440
 84910 0.210267 3529422 9759605 4440
 85010 0.206327 3538130 9853805 4448
 85110 0.202460 3530093 9752322 4448
 85210 0.195450 3545114 9756607 4316
 85310 0.213004 3538707 9775830 4576
 85410 0.204209 3543173 9864485 4840
 85510 0.203182 3558042 9878738 4452
 85610 0.202483 3553619 9858870 4452
 85710 0.200667 3536804 9841708 4976
 85810 0.203885 3559840 9938299 4452
 85910 0.205560 3576062 9890978 4452
 86010 0.201459 3558494 9932463 4976
 86110 0.205130 3575934 9964192 4456
 86210 0.206269 3590657 10000195 4716
 86310 0.206835 3583249 9885227 4456
 86410 0.209448 3598781 10009919 4456
 86510 0.200185 3599259 10022532 4980
 86610 0.204728 3602312 10036600 4460
 86710 0.206859 3601757 9951005 4460
 86810 0.205296 3598932 10036018 4984
 86910 0.202963 3596402 10000400 4464
 87010 0.208257 3604867 10039352 4464
 87110 0.204924 3607675 10003867 4468
 87210 0.199020 3606994 10001403 4468
 87310 0.201262 3606124 10038064 4340
 87410 0.211165 3613227 10070313 4600
 87510 0.215137 3624363 10065604 4864
 87610 0.210590 3624713 10147725 4468
 87710 0.213962 3639961 10189484 4468
 87810 0.207935 3631473 10203297 4992
 87910 0.217618 3642652 10207960 4472
 88010 0.210981 3642632 10089060 4472
 88110 0.216057 3628635 10169018 4476
 88210 0.220920 3649625 10207074 4476
 88310 0.209856 3643040 10127904 4348
 88410 0.207902 3645073 10137029 4608
 88510 0.227957 3651199 10222435 4872
 88610 0.209784 3661418 10329227 4480
 88710 0.209691 3661108 10259660 4480
 88810 0.238387 3681519 10291158 5004
 88910 0.213226 3682320 10264395 4480
 89010 0.206079 3683699 10352106 4480
 89110 0.205807 3698346 10299580 4484
 89210 0.216667 3686235 10299687 4484
 89310 0.212560 3701075 10362607 4352
 89410 0.209844 3701969 10367236 4612
 89510 0.214339 3698340 10362666 4876
 89610 0.208931 3720957 10354893 4488
 89710 0.211763 3715799 10358130 4488
 89810 0.218213 3714304 10354041 5012
 89910 0.219929 3709571 10368214 4492
 90010 0.220584 3732666 10452457 4492
 90110 0.214609 3725190 10398605 4496
 90210 0.210043 3728067 10496412 4496
 90310 0.214534 3737459 10392291 4364
 90410 0.231712 3753944 10519521 4624
 90510 0.214269 3766317 10535252 4888
 90610 0.214716 3745907 10483954 4496
 90710 0.221044 3751256 10533104 4496
 90810 0.220798 3764197 10530481 5020
 90910 0.216653 3760993 10558097 4504
 91010 0.214373 3777333 10510727 4504
 91110 0.212131 3790818 10555540 5028
 91210 0.215897 3764779 10499994 4504
 91310 0.217756 3753963 10411868 4764
 91410 0.212396 3745366 10460570 4504
 91510 0.212286 3748546 10574266 4504
 91610 0.216983 3757911 10525947 5028
 91710 0.218859 3758141 10617672 4508
 91810 0.216942 3758140 10516785 4508
 91910 0.217883 3750584 10510292 5032
 92010 0.212703 3786127 10616595 4512
 92110 0.211558 3778970 10555228 4512
 92210 0.212346 3785007 10586439 4516
 92310 0.211010 3778164 10579779 4516
 92410 0.220593 3792785 10584895 4388
 92510 0.216328 3778353 10561420 4648
 92610 0.226994 3804175 10721419 4912
 92710 0.224909 3786408 10647841 4516
 92810 0.221220 3800837 10694269 4516
 92910 0.220303 3813053 10722835 5040
 93010 0.220277 3819294 10733801 4520
 93110 0.219728 3823992 10702680 4520
 93210 0.218981 3833904 10781127 4528
 93310 0.222352 3833307 10727991 4528
 93410 0.227463 3837859 10851185 4396
 93510 0.226053 3844899 10818432 4656
 93610 0.226546 3851039 10796232 4920
 93710 0.219728 3845714 10744326 4528
 93810 0.218748 3867759 10931336 4528
 93910 0.223482 3851326 10800810 5052
 94010 0.228616 3868143 10826624 4532
 94110 0.226292 3851977 10778817 4532
 94210 0.226404 3871482 10825632 4536
 94310 0.238723 3867590 10866717 4536
 94410 0.219857 3895597 10942883 4404
 94510 0.221914 3896350 10958401 4664
 94610 0.217146 3895071 10866100 4928
 94710 0.221227 3906845 10892765 4540
 94810 0.227148 3919232 10963382 4540
 94910 0.254155 3918122 10933029 5064
 95010 0.226624 3928046 11009174 4540
 95110 0.223640 3928702 10993674 4540
 95210 0.223818 3942592 11063875 5064
 95310 0.229605 3955238 11066136 4540
 95410 0.230023 3965229 11141651 4800
 95510 0.232045 3952482 11047586 4544
 95610 0.226835 3960562 11121092 4544
 95710 0.219050 3962183 11101291 5068
 95810 0.221830 3965230 11058355 4548
 95910 0.223346 3964336 11044381 4548
 96010 0.221843 3970968 11176103 5072
 96110 0.222917 3978725 11228703 4548
 96210 0.221942 3977236 11141268 4548
 96310 0.232903 4011722 11241203 4556
 96410 0.221677 3999078 11203374 4556
 96510 0.220615 3993208 11179415 4428
 96610 0.221190 3998848 11191543 4688
 96710 0.221068 4004224 11199879 4952
 96810 0.223396 4012703 11257330 4556
 96910 0.224727 4037131 11239774 4556
 97010 0.236197 4024917 11252748 5080
 97110 0.237954 4022263 11259711 4560
 97210 0.224129 4025356 11301137 4560
 97310 0.223558 4028160 11325699 4564
 97410 0.225909 4035513 11316427 4564
 97510 0.225949 4021726 11280655 4432
 97610 0.225062 4047602 11369050 4692
 97710 0.224271 4057252 11414416 4956
 97810 0.230755 4055844 11409778 4564
 97910 0.241561 4068872 11453483 4564
 98010 0.225595 4066379 11378754 5088
 98110 0.236827 4073203 11477256 4568
 98210 0.226912 4064964 11312999 4568
 98310 0.235162 4074046 11451477 4572
 98410 0.232383 4082729 11453108 4572
 98510 0.226662 4089664 11462310 4440
 98610 0.242625 4093136 11478414 4700
 98710 0.230489 4109427 11488186 4964
 98810 0.228475 4108156 11493331 4576
 98910 0.228178 4092562 11464470 4576
 99010 0.228494 4140154 11618837 5100
 99110 0.244208 4127575 11612438 4576
 99210 0.240359 4116071 11463131 4836
 99310 0.230909 4133365 11522649 5100
 99410 0.231194 4120726 11454919 4580
 99510 0.230809 4126509 11538401 4840
 99610 0.228684 4137490 11518909 4580
 99710 0.231183 4162116 11584215 4840
 99810 0.230023 4155124 11480279 5104
 99910 0.234187 4170535 11748725 4588
