 10 0.000043 16 20 1840
 110 0.000031 376 625 1840
 210 0.000045 723 1481 1840
 310 0.000065 1216 2209 1840
 410 0.000084 1430 3265 1840
 510 0.000102 1838 4064 1840
 610 0.000141 2684 5650 1840
 710 0.000147 2987 5743 1840
 810 0.000170 3255 7185 1840
 910 0.000200 3791 9541 1840
 1010 0.000238 4750 9366 1840
 1110 0.000246 4411 12010 1840
 1210 0.000302 5207 12190 1840
 1310 0.000300 5327 13507 1840
 1410 0.000314 6112 14550 1840
 1510 0.000364 7851 16661 1840
 1610 0.000384 7793 17756 1840
 1710 0.000383 7542 17896 1840
 1810 0.000443 8770 20405 1840
 1910 0.000446 9127 20156 1840
 2010 0.000473 9116 21621 1840
 2110 0.000508 9961 21624 1840
 2210 0.000505 9890 23914 1840
 2310 0.000551 10743 25165 1840
 2410 0.000564 11386 24883 1840
 2510 0.000611 11966 30397 1840
 2610 0.000773 11679 28529 1840
 2710 0.000660 12677 29438 1840
 2810 0.000687 13480 31373 1840
 2910 0.000715 13922 32044 1840
 3010 0.000709 13932 33951 1840
 3110 0.000737 13902 34244 1840
 3210 0.000769 14993 36001 1840
 3310 0.000805 14635 40417 1840
 3410 0.000883 19074 40095 1840
 3510 0.000878 18023 40545 1840
 3610 0.000926 19406 40807 1840
 3710 0.000958 21404 41489 1840
 3810 0.000966 20147 44557 1840
 3910 0.000985 17829 47733 1840
 4010 0.001027 20487 48781 1840
 4110 0.001114 23219 52538 1840
 4210 0.001089 21890 48954 1840
 4310 0.001071 20744 51285 1840
 4410 0.001126 23204 52258 1840
 4510 0.001182 23509 53382 3624
 4610 0.001157 22442 55790 3624
 4710 0.001254 26748 57740 3624
 4810 0.001259 23185 66135 3624
 4910 0.001302 28419 57670 3624
 5010 0.001260 24720 59120 3624
 5110 0.001335 25374 60154 3624
 5210 0.001336 25754 66580 3624
 5310 0.001392 29215 63213 3624
 5410 0.001379 26776 63303 3624
 5510 0.001443 26927 70513 3624
 5610 0.001586 32808 74564 3624
 5710 0.001445 28536 68283 3624
 5810 0.001575 31050 71297 3624
 5910 0.001573 32234 73007 3624
 6010 0.001302 30765 77018 3624
 6110 0.001464 32454 77443 3624
 6210 0.001583 29336 78527 3624
 6310 0.001660 33506 75711 3624
 6410 0.001733 32700 88849 3624
 6510 0.001804 35358 88714 3624
 6610 0.001737 33959 85171 3624
 6710 0.001867 36375 88102 3624
 6810 0.001864 38439 88224 3624
 6910 0.001901 35646 90242 3624
 7010 0.001892 34281 92842 3624
 7110 0.001827 35126 89369 3624
 7210 0.002078 36879 94027 3624
 7310 0.002078 37050 91892 3624
 7410 0.002005 38529 94277 3624
 7510 0.001999 38604 92539 3624
 7610 0.002144 42405 105209 3624
 7710 0.002339 40747 97224 3624
 7810 0.002048 40453 97954 3624
 7910 0.002166 41215 101643 3624
 8010 0.002178 44619 102614 3624
 8110 0.002272 46726 104206 3624
 8210 0.002472 44457 107806 3624
 8310 0.002543 46686 116352 3624
 8410 0.002355 49817 111390 3624
 8510 0.002701 46760 108007 3624
 8610 0.002514 49945 111361 3624
 8710 0.002518 50001 119401 3624
 8810 0.002469 48330 116408 3624
 8910 0.002441 48533 115347 3624
 9010 0.002471 51686 114474 3624
 9110 0.002456 47312 120890 3624
 9210 0.002589 47675 124831 3624
 9310 0.002550 47628 126098 3624
 9410 0.002648 54300 122882 3624
 9510 0.002679 54283 126922 3624
 9610 0.002781 57079 134287 3624
 9710 0.002664 54110 122100 3624
 9810 0.002730 52869 132974 3624
 9910 0.002699 52731 129303 3624
 10010 0.002698 53911 126293 3624
 10110 0.002901 57346 134239 3624
 10210 0.002935 61530 135112 3624
 10310 0.002976 62167 135690 3624
 10410 0.002875 54126 144544 3624
 10510 0.002970 54436 145106 3624
 10610 0.002909 58102 139992 3624
 10710 0.002957 57570 147469 3624
 10810 0.002932 57250 141073 3624
 10910 0.003106 56508 158538 3624
 11010 0.003112 64985 146155 3624
 11110 0.003141 59862 157548 3624
 11210 0.003179 67885 146943 3624
 11310 0.003198 64784 150285 3624
 11410 0.003383 70906 160595 3624
 11510 0.003183 63891 151922 3624
 11610 0.003452 73918 159590 3624
 11710 0.003509 76148 163066 3624
 11810 0.003446 72843 158146 3624
 11910 0.003416 69751 161061 3624
 12010 0.003405 69767 161272 3624
 12110 0.003423 71482 160258 3624
 12210 0.003457 69940 166669 3624
 12310 0.003439 67298 168336 3624
 12410 0.003428 66941 166998 3624
 12510 0.003527 71548 169211 3624
 12610 0.003789 78687 181906 3624
 12710 0.003601 71897 174781 3624
 12810 0.003622 68486 183665 3624
 12910 0.003645 71050 174775 3724
 13010 0.003762 72710 185877 3724
 13110 0.003814 78701 183326 3724
 13210 0.003882 80275 188087 3724
 13310 0.003922 79939 186940 3724
 13410 0.003890 78460 187320 3724
 13510 0.003886 74698 196109 3724
 13610 0.004004 74425 204194 3724
 13710 0.003916 76710 195232 3724
 13810 0.003998 78881 199942 3724
 13910 0.003919 78524 188193 3724
 14010 0.004314 87657 215013 3724
 14110 0.004262 89474 200697 3724
 14210 0.004237 82765 215260 3724
 14310 0.004063 80996 199803 3724
 14410 0.004049 79466 197991 3724
 14510 0.004229 83864 212376 3724
 14610 0.004194 85328 202299 3724
 14710 0.004334 88615 205383 3724
 14810 0.004202 85033 199675 3724
 14910 0.004293 83163 207122 3724
 15010 0.004330 89546 203586 3724
 15110 0.004401 87613 216860 3724
 15210 0.004685 100647 223921 3724
 15310 0.004473 83398 224667 3724
 15410 0.004781 105886 219949 3724
 15510 0.004592 88686 228203 3724
 15610 0.004539 94472 222251 3724
 15710 0.004495 91633 221388 3724
 15810 0.004571 88824 218299 3724
 15910 0.004522 90555 224662 3760
 16010 0.004794 92515 233160 3760
 16110 0.004702 98570 235338 3760
 16210 0.004815 98397 233273 3760
 16310 0.004603 89135 237385 3760
 16410 0.004829 100748 236646 3760
 16510 0.005024 99247 249214 3760
 16610 0.004737 95528 233787 3760
 16710 0.004921 103559 245746 3760
 16810 0.005553 107913 248335 3768
 16910 0.004907 102337 233051 3768
 17010 0.005200 94301 245424 3768
 17110 0.005010 96796 248403 3772
 17210 0.005136 93439 260145 3772
 17310 0.005049 103119 251282 3772
 17410 0.005132 104274 247299 3772
 17510 0.005212 99224 254006 3772
 17610 0.005528 110716 266051 3772
 17710 0.005254 101127 251336 3772
 17810 0.005449 109623 267085 3772
 17910 0.005568 110553 259955 3772
 18010 0.005305 103816 272125 3776
 18110 0.005792 97873 269887 3776
 18210 0.005434 112292 249494 3776
 18310 0.005031 101613 271307 3776
 18410 0.005400 111993 259943 3776
 18510 0.005662 113550 261180 3776
 18610 0.005511 113270 268551 3776
 18710 0.005434 111119 260516 3776
 18810 0.005616 113679 263729 3776
 18910 0.005814 114492 292707 3776
 19010 0.005798 116267 301602 3776
 19110 0.005533 113984 269875 3776
 19210 0.006042 108368 278053 3780
 19310 0.006571 123610 278742 3780
 19410 0.006176 116460 274507 3780
 19510 0.005626 111585 285179 3780
 19610 0.005927 118977 297982 3780
 19710 0.006825 121787 280588 3780
 19810 0.006174 124075 279294 3780
 19910 0.006453 131697 287335 3780
 20010 0.006135 125103 284768 3780
 20110 0.006296 115440 291032 3784
 20210 0.005854 114694 287285 3784
 20310 0.005893 116210 287762 3784
 20410 0.006074 127625 288832 3784
 20510 0.006255 131907 292118 3784
 20610 0.006164 118352 307454 3784
 20710 0.006394 129910 305522 3784
 20810 0.006066 116368 305249 3784
 20910 0.006136 121919 299145 3784
 21010 0.006235 118510 317938 3788
 21110 0.006783 147595 309220 3788
 21210 0.006555 128727 306696 3788
 21310 0.005713 122035 310029 3788
 21410 0.006993 137343 306225 3788
 21510 0.006475 118765 318839 3788
 21610 0.006156 128131 321243 3788
 21710 0.006752 130426 323308 3788
 21810 0.007349 123345 364876 3788
 21910 0.007037 133575 327053 3788
 22010 0.006871 136656 314836 3788
 22110 0.006790 135419 328385 3788
 22210 0.006965 131970 312243 3792
 22310 0.006926 123820 345260 3792
 22410 0.007001 133081 342954 3792
 22510 0.007097 136155 343828 3792
 22610 0.006929 138502 329056 3792
 22710 0.007489 152388 352166 3792
 22810 0.007099 129442 333660 3792
 22910 0.007068 142892 326746 3792
 23010 0.007178 141481 334115 3792
 23110 0.007056 124071 362771 3796
 23210 0.008627 149431 350920 3796
 23310 0.007275 145419 349272 3796
 23410 0.007380 148687 361026 3796
 23510 0.007157 142415 344156 3796
 23610 0.007342 141847 349869 3796
 23710 0.007555 146014 358969 3796
 23810 0.007906 135675 365351 3796
 23910 0.009443 140097 354094 3796
 24010 0.011044 144916 373065 3796
 24110 0.010157 143965 356085 3796
 24210 0.008751 166469 357441 3796
 24310 0.008037 150766 354736 3800
 24410 0.008468 145786 367427 3800
 24510 0.009450 157672 385456 3800
 24610 0.008700 154830 356092 3800
 24710 0.009515 147748 391322 3800
 24810 0.008604 144747 373099 3800
 24910 0.009157 167293 368241 3800
 25010 0.008716 148366 370345 3800
 25110 0.011574 161628 386839 3800
 25210 0.008736 147099 370765 3804
 25310 0.008319 152456 399994 3804
 25410 0.007816 151512 384205 3804
 25510 0.008334 148854 410670 3804
 25610 0.008853 152221 380244 3804
 25710 0.008491 168359 412665 3804
 25810 0.008459 160593 378555 3804
 25910 0.008962 170140 378825 3804
 26010 0.008811 172774 411062 3804
 26110 0.008006 159453 384525 3808
 26210 0.008289 153997 376451 3808
 26310 0.008171 162933 377662 3808
 26410 0.008092 154980 396484 3808
 26510 0.008047 161586 388634 3808
 26610 0.008508 162556 437580 3808
 26710 0.008517 162983 407097 3808
 26810 0.008404 153167 412747 3808
 26910 0.007835 157294 390485 3808
 27010 0.008713 159430 427517 3808
 27110 0.009071 174182 416696 3808
 27210 0.008876 159089 428299 3808
 27310 0.008885 166940 456711 3812
 27410 0.008429 167503 394490 3812
 27510 0.010332 174325 409610 3812
 27610 0.009355 179244 425475 3812
 27710 0.009829 166301 424023 3812
 27810 0.011038 166646 425317 3812
 27910 0.011022 165180 411306 3812
 28010 0.011367 166041 431396 3812
 28110 0.009666 173419 412629 3812
 28210 0.010906 173748 420622 3816
 28310 0.010596 190353 422742 3816
 28410 0.010486 186217 435133 3816
 28510 0.010686 179055 437579 3816
 28610 0.010823 179849 439589 3816
 28710 0.009882 172286 422368 3816
 28810 0.009343 191124 431971 3816
 28910 0.008477 172125 431083 3816
 29010 0.009413 179391 461226 3816
 29110 0.009648 185472 440623 3816
 29210 0.009211 183735 453028 3816
 29310 0.009188 191538 425967 3816
 29410 0.009514 180086 443228 3820
 29510 0.009205 175029 454515 3820
 29610 0.009240 179059 445021 3820
 29710 0.012711 176556 454194 3820
 29810 0.009877 215092 459775 3820
 29910 0.009651 183227 485350 3820
 30010 0.009690 199649 477222 3820
 30110 0.009524 187139 467452 3820
 30210 0.009199 206083 451243 3820
 30310 0.009569 186795 468170 3824
 30410 0.009347 174280 472770 3824
 30510 0.009776 185019 446342 3824
 30610 0.009615 182530 483014 3824
 30710 0.009752 185740 490837 3824
 30810 0.010386 186688 457733 3824
 30910 0.010805 189884 485428 3824
 31010 0.010136 182864 475585 3824
 31110 0.011139 190282 469032 3824
 31210 0.011766 181109 505954 3824
 31310 0.011411 193119 475013 3824
 31410 0.011293 199353 467456 3824
 31510 0.010185 195614 478491 3828
 31610 0.011374 189968 505038 3828
 31710 0.011139 191789 494723 3828
 31810 0.010638 197165 488214 3828
 31910 0.010775 207272 477515 3828
 32010 0.010097 194434 476673 3828
 32110 0.010678 214080 516932 3828
 32210 0.010700 195330 512059 3828
 32310 0.010269 191389 510900 3828
 32410 0.010736 215649 523429 3832
 32510 0.010733 222353 509113 3832
 32610 0.011156 198150 495922 3832
 32710 0.010473 204310 512162 3832
 32810 0.011238 209141 491509 3832
 32910 0.012482 215465 500642 3836
 33010 0.011264 208607 510806 3704
 33110 0.009996 213855 507209 3704
 33210 0.010400 191231 516455 3704
 33310 0.010307 218483 513112 3836
 33410 0.010786 203777 515385 3836
 33510 0.010804 211494 541054 3836
 33610 0.010411 203514 501106 3836
 33710 0.010898 210055 503241 3836
 33810 0.011025 205563 520438 3840
 33910 0.010137 208845 512775 3840
 34010 0.013129 237841 539187 3708
 34110 0.010466 218034 516211 3708
 34210 0.010930 214794 586067 3968
 34310 0.010453 213544 513766 3840
 34410 0.011170 215161 534719 3840
 34510 0.011013 209225 555561 3840
 34610 0.011092 216490 551542 3840
 34710 0.010980 214027 529715 3840
 34810 0.011234 207234 547354 3840
 34910 0.011302 203734 567897 3840
 35010 0.011402 222542 551349 3840
 35110 0.011829 226204 547874 3840
 35210 0.011294 217169 552861 3840
 35310 0.011408 215797 556689 3840
 35410 0.012801 233491 522119 3844
 35510 0.011651 241979 553481 3844
 35610 0.011872 218407 542394 3844
 35710 0.011217 225511 528033 3844
 35810 0.011981 246275 568041 3844
 35910 0.011183 224424 580705 3848
 36010 0.011651 224148 562648 3848
 36110 0.012840 257460 575412 3716
 36210 0.012272 215354 643951 3716
 36310 0.012678 237147 604012 3976
 36410 0.012359 230574 616856 3848
 36510 0.011468 219009 572779 3848
 36610 0.011622 227128 562198 3848
 36710 0.011014 232564 560193 3848
 36810 0.011498 234125 545246 3848
 36910 0.012208 248957 577525 3852
 37010 0.012860 221345 617091 3852
 37110 0.011827 214385 615750 3720
 37210 0.013310 229876 571880 3720
 37310 0.012438 255350 570193 3980
 37410 0.011664 227491 569078 3852
 37510 0.012074 231368 604769 3852
 37610 0.012245 245359 581899 3852
 37710 0.012119 231795 590817 3852
 37810 0.015209 227934 669886 3852
 37910 0.011968 229251 574839 3856
 38010 0.012100 247157 574998 3856
 38110 0.012728 250620 577252 3724
 38210 0.011411 239751 573949 3724
 38310 0.012118 232583 587326 3984
 38410 0.012674 245295 585638 3856
 38510 0.013255 294543 606642 3856
 38610 0.015936 254863 592407 3856
 38710 0.012584 245167 602451 3856
 38810 0.012902 265384 605981 3856
 38910 0.012628 240212 596250 3860
 39010 0.012446 232158 605487 3860
 39110 0.013766 282876 642273 3728
 39210 0.012786 251149 599303 3728
 39310 0.012815 250188 620802 3988
 39410 0.013168 267499 590720 3860
 39510 0.013040 253382 615796 3860
 39610 0.013163 263199 603985 3860
 39710 0.012331 257165 597578 3860
 39810 0.013445 272207 604167 3860
 39910 0.013151 251794 629207 3860
 40010 0.012852 252483 617896 3860
 40110 0.013442 272575 614975 3860
 40210 0.013313 247273 640309 3860
 40310 0.014007 257039 618676 3860
 40410 0.013570 256819 631737 3860
 40510 0.013623 280393 646784 3864
 40610 0.013021 255047 648801 3864
 40710 0.014956 254552 642202 3864
 40810 0.013960 243388 641022 3864
 40910 0.014856 246716 717934 3864
 41010 0.023255 281200 627549 3868
 41110 0.012821 252571 672194 3868
 41210 0.013013 270590 667595 3736
 41310 0.013377 250302 702650 3736
 41410 0.013709 272321 685286 3996
 41510 0.013132 260648 636058 3868
 41610 0.013742 262835 684642 3868
 41710 0.014090 286950 652427 3868
 41810 0.013162 247376 659663 3868
 41910 0.013272 273688 694663 3868
 42010 0.013315 258804 658297 3872
 42110 0.013785 269786 656645 3872
 42210 0.021110 276800 656624 3740
 42310 0.013988 281197 672447 3740
 42410 0.014107 282646 658576 4000
 42510 0.013979 287836 661029 3872
 42610 0.013927 266650 713539 3872
 42710 0.013977 297046 652795 3872
 42810 0.013729 270421 673352 3872
 42910 0.014003 269804 662981 3872
 43010 0.014581 282405 690282 3876
 43110 0.014594 312320 675779 3876
 43210 0.014633 286315 737268 3744
 43310 0.014659 294326 671771 3744
 43410 0.014670 271616 695127 4004
 43510 0.015301 294555 740693 3876
 43610 0.014621 283976 724674 3876
 43710 0.014363 289497 663390 3876
 43810 0.014192 269170 699598 3876
 43910 0.014777 285105 695354 3876
 44010 0.014861 300764 687874 3876
 44110 0.014320 277656 723307 3876
 44210 0.014387 278157 711795 3876
 44310 0.017732 311394 703665 3876
 44410 0.015223 298335 701345 3876
 44510 0.014784 283541 684392 3876
 44610 0.015382 277064 736137 3880
 44710 0.015045 310936 699178 3880
 44810 0.016224 312688 755999 3880
 44910 0.015357 274466 744291 3880
 45010 0.014564 302149 703851 3880
 45110 0.014702 290234 704775 3884
 45210 0.015303 290905 718928 3884
 45310 0.015754 314371 748822 3752
 45410 0.014756 275304 746970 3752
 45510 0.013656 294182 692800 4012
 45610 0.017556 300476 718615 3884
 45710 0.015071 297000 742657 3884
 45810 0.014620 295328 707883 3884
 45910 0.016170 307187 719697 3884
 46010 0.016392 307604 741721 3884
 46110 0.016389 311927 728196 3888
 46210 0.017941 314949 739691 3888
 46310 0.018009 311166 723756 3756
 46410 0.018399 319426 720565 3756
 46510 0.015492 292122 745197 4016
 46610 0.015803 303679 745419 3888
 46710 0.016939 323415 796759 3888
 46810 0.015860 293537 775309 3888
 46910 0.015787 310051 748782 3888
 47010 0.018358 309710 790776 3888
 47110 0.016439 312459 730908 3892
 47210 0.016199 312570 759888 3892
 47310 0.016368 344026 777868 3760
 47410 0.015880 308734 781106 3760
 47510 0.016171 300314 795245 4020
 47610 0.015865 315457 748274 3892
 47710 0.017541 358519 765423 3892
 47810 0.016179 332242 753681 3892
 47910 0.015234 295974 783533 3892
 48010 0.021446 337627 806205 3892
 48110 0.016536 319974 836911 3892
 48210 0.016245 317299 805708 3892
 48310 0.015981 300089 810548 3892
 48410 0.016842 326348 792252 3892
 48510 0.020226 339422 849362 3892
 48610 0.017178 309811 761499 3892
 48710 0.016998 335382 831050 3896
 48810 0.017481 330461 793933 3896
 48910 0.017032 333334 748215 3896
 49010 0.016525 332872 766356 3896
 49110 0.018136 333146 800452 3896
 49210 0.016620 307835 788615 3900
 49310 0.019592 327443 842273 3900
 49410 0.017547 327290 775147 3768
 49510 0.017257 325224 798467 3768
 49610 0.017498 336959 789240 4028
 49710 0.016401 324966 792340 3900
 49810 0.016486 337499 827273 3900
 49910 0.016723 338837 782078 3900
 50010 0.016718 307438 801559 3900
 50110 0.016615 331207 779067 3900
 50210 0.017329 345088 807606 3904
 50310 0.017713 324575 823853 3904
 50410 0.017310 331932 839735 3772
 50510 0.016884 322755 825503 3772
 50610 0.017121 347996 816417 4032
 50710 0.019802 322849 836598 3904
 50810 0.019688 335675 806645 3904
 50910 0.018820 335380 804655 4164
 51010 0.019260 354383 801956 3904
 51110 0.020316 333588 802370 3904
 51210 0.020772 318529 794378 3908
 51310 0.021497 347439 821806 3908
 51410 0.019018 367593 818557 3776
 51510 0.018693 361232 834753 3776
 51610 0.020092 322267 938601 4036
 51710 0.017862 311600 847516 3908
 51810 0.020791 330216 817069 3908
 51910 0.018164 353574 827166 4168
 52010 0.019508 343006 839306 3908
 52110 0.019180 363060 854098 3908
 52210 0.017592 351348 814165 4168
 52310 0.017558 332587 863843 3908
 52410 0.017584 336334 864004 3908
 52510 0.017753 343135 826259 3908
 52610 0.017603 347100 843671 3908
 52710 0.017807 358317 850768 4168
 52810 0.017562 360186 823643 3912
 52910 0.017256 322914 870691 3912
 53010 0.017702 327584 887376 4172
 53110 0.017713 319257 881121 3912
 53210 0.018185 372305 874004 3912
 53310 0.018088 374533 852996 3916
 53410 0.017649 361502 837617 3916
 53510 0.018076 330535 848695 3784
 53610 0.019285 359783 890822 3784
 53710 0.020276 350328 836361 4044
 53810 0.018910 342111 859529 3916
 53910 0.019583 339505 874908 3916
 54010 0.021800 358759 901507 4176
 54110 0.019056 336069 901745 3916
 54210 0.021707 359401 873014 3916
 54310 0.019154 336730 881813 3920
 54410 0.018759 359262 916158 3920
 54510 0.018029 342925 904063 3788
 54610 0.033703 338811 985011 3788
 54710 0.019456 363217 868240 4048
 54810 0.019791 358109 846178 3920
 54910 0.018694 328530 922576 3920
 55010 0.018882 347147 917575 4180
 55110 0.018636 333694 929343 3920
 55210 0.021213 350217 877045 3920
 55310 0.020807 365508 855212 3924
 55410 0.020185 375370 866610 3924
 55510 0.021562 335644 909729 3792
 55610 0.022523 411368 969207 3792
 55710 0.020464 350434 944585 4052
 55810 0.020886 377553 876847 3924
 55910 0.018285 367557 877429 3924
 56010 0.020296 395005 929194 4184
 56110 0.021525 398961 899403 3924
 56210 0.018888 351500 964934 3924
 56310 0.018323 349635 928378 4184
 56410 0.018666 358831 925228 3924
 56510 0.019969 376293 905682 3924
 56610 0.020874 358874 909386 3924
 56710 0.020756 360311 994209 3924
 56810 0.019941 366755 907670 4184
 56910 0.019340 369842 955199 3928
 57010 0.019121 365567 925886 3928
 57110 0.019429 364537 995469 4188
 57210 0.019273 361639 975630 3928
 57310 0.020396 400225 954440 3928
 57410 0.020060 391772 951616 3932
 57510 0.019998 401726 913096 3932
 57610 0.019176 363974 918733 3800
 57710 0.019362 379174 897168 3800
 57810 0.020060 405621 929481 4060
 57910 0.021447 400121 945067 3932
 58010 0.021312 389868 1039883 3932
 58110 0.020345 380635 942217 4192
 58210 0.021614 372089 976021 3932
 58310 0.021764 395402 919450 3932
 58410 0.021764 372125 984863 3936
 58510 0.019957 399354 996791 3936
 58610 0.019117 377299 921335 3804
 58710 0.019242 383753 945474 3804
 58810 0.019235 366128 929302 4064
 58910 0.020207 382547 984494 3936
 59010 0.019166 389818 920607 3936
 59110 0.019977 383511 942754 4196
 59210 0.020607 377632 992377 3936
 59310 0.020179 407733 1008656 3936
 59410 0.019550 385390 963522 3940
 59510 0.020052 386524 1018880 3940
 59610 0.019745 401897 962254 3808
 59710 0.021147 457907 1000701 3808
 59810 0.020295 414805 964723 4068
 59910 0.019994 383594 962866 3940
 60010 0.020220 397198 1004185 3940
 60110 0.021523 438158 1001571 4200
 60210 0.020038 390651 978700 3940
 60310 0.020848 430290 988823 3940
 60410 0.020281 420491 964502 4200
 60510 0.019609 396318 984431 3940
 60610 0.020740 418579 1021705 3940
 60710 0.020194 391824 990738 3940
 60810 0.020017 385654 995725 3940
 60910 0.020131 405752 969887 4200
 61010 0.021431 416819 1002340 3944
 61110 0.022583 452534 1026852 3944
 61210 0.021600 433189 984673 4204
 61310 0.021936 406386 982682 3944
 61410 0.023831 397587 1091563 3944
 61510 0.021595 415645 998214 3948
 61610 0.021824 423006 985061 3948
 61710 0.022169 423323 994008 3816
 61810 0.021809 404766 1071110 3816
 61910 0.022370 421006 1060427 4076
 62010 0.021577 434315 1035017 3948
 62110 0.025171 424088 1126433 3948
 62210 0.024247 406678 1015003 4208
 62310 0.021667 401922 1044843 3948
 62410 0.021069 436061 1015317 3948
 62510 0.020875 408317 1045807 3952
 62610 0.021269 439460 1029286 3952
 62710 0.021194 421446 1064798 3820
 62810 0.021483 404938 1008348 3820
 62910 0.022256 399534 1084373 4080
 63010 0.022907 415344 1041429 3952
 63110 0.021212 408621 1032638 3952
 63210 0.022727 449693 1047810 4212
 63310 0.021740 420803 1093851 3952
 63410 0.021087 429755 1009563 3952
 63510 0.021507 437920 1043831 3956
 63610 0.022747 412470 1126282 3956
 63710 0.022483 395815 1062096 3824
 63810 0.023406 441928 1080351 3824
 63910 0.022567 459139 1085691 4084
 64010 0.021594 420084 1062410 3956
 64110 0.021946 430688 1045229 3956
 64210 0.022672 457258 1083531 4216
 64310 0.023595 419887 1062136 3956
 64410 0.021280 402048 1096096 3956
 64510 0.022316 454890 1069414 3960
 64610 0.023354 442606 1065031 3960
 64710 0.023033 492701 1095178 3828
 64810 0.022788 468515 1088923 3828
 64910 0.021509 412143 1069505 4088
 65010 0.022038 426514 1036866 3960
 65110 0.022835 406589 1124219 3960
 65210 0.022510 419474 1186604 4220
 65310 0.025091 482855 1070029 3960
 65410 0.022184 439436 1082397 3960
 65510 0.024450 434463 1079898 4220
 65610 0.022040 446752 1053603 3960
 65710 0.022311 458736 1066739 3960
 65810 0.022352 453317 1115437 3960
 65910 0.022596 458968 1080499 3960
 66010 0.022600 433244 1106474 4220
 66110 0.023758 474428 1096662 3964
 66210 0.023245 455756 1119611 3964
 66310 0.024606 439500 1123947 4224
 66410 0.024781 448787 1084153 3964
 66510 0.025031 450596 1076849 3964
 66610 0.024326 426967 1115245 3968
 66710 0.024741 438876 1048520 3968
 66810 0.025530 456342 1095464 3836
 66910 0.026365 478378 1107880 4096
 67010 0.024475 442660 1089017 4096
 67110 0.026001 424352 1168033 3968
 67210 0.024632 431163 1103616 3968
 67310 0.025034 451354 1133460 4228
 67410 0.025571 494149 1129594 3968
 67510 0.025642 438760 1123616 3968
 67610 0.023210 469443 1094988 3972
 67710 0.024012 468321 1119626 3972
 67810 0.024353 476567 1161471 3840
 67910 0.025176 490337 1195334 4100
 68010 0.023427 449544 1102478 4364
 68110 0.023266 458994 1145179 3972
 68210 0.023017 451008 1097609 3972
 68310 0.022623 436181 1114725 4232
 68410 0.023280 454804 1185355 3972
 68510 0.023701 480932 1180377 3972
 68610 0.022695 448152 1130193 3976
 68710 0.022638 452928 1118117 3976
 68810 0.023704 490351 1136822 3844
 68910 0.024189 505175 1089678 4104
 69010 0.023999 510868 1148842 4368
 69110 0.023921 463292 1232978 3976
 69210 0.022996 445532 1143020 3976
 69310 0.024122 506881 1139832 4236
 69410 0.024092 448281 1141839 3976
 69510 0.022760 451273 1104175 3976
 69610 0.023224 471159 1136271 4236
 69710 0.023734 477061 1184907 3976
 69810 0.023129 454339 1144328 4236
 69910 0.024828 486306 1281561 3976
 70010 0.023406 446029 1187894 3976
 70110 0.024085 475913 1169859 4236
 70210 0.024137 484292 1182281 3980
 70310 0.025114 500856 1159530 3980
 70410 0.024138 474435 1177872 4240
 70510 0.023392 446676 1178860 3980
 70610 0.023886 457437 1215681 3980
 70710 0.024626 478771 1260844 3984
 70810 0.025147 523284 1201275 3984
 70910 0.023994 451515 1201163 3852
 71010 0.023542 461002 1153131 4112
 71110 0.027860 486699 1160686 4376
 71210 0.025561 524450 1141215 3984
 71310 0.025287 519338 1197456 3984
 71410 0.024694 497391 1163182 4244
 71510 0.025124 530533 1157693 3984
 71610 0.024141 481333 1182223 3984
 71710 0.024359 497649 1186085 3988
 71810 0.024337 449014 1259182 3988
 71910 0.024026 462758 1231306 3856
 72010 0.024321 455059 1250656 4116
 72110 0.026840 488855 1188278 4380
 72210 0.023911 456514 1218157 3988
 72310 0.024313 470589 1247679 3988
 72410 0.025362 514965 1227437 4248
 72510 0.024566 488121 1177732 3988
 72610 0.025205 480837 1182128 3988
 72710 0.024845 478383 1209505 3992
 72810 0.024781 468088 1261035 3992
 72910 0.025030 465292 1171660 3860
 73010 0.025579 535429 1248795 4120
 73110 0.024700 515955 1188182 4384
 73210 0.024142 473474 1181198 3992
 73310 0.025089 492466 1247718 3992
 73410 0.026528 571405 1253553 4252
 73510 0.025325 499055 1220403 3992
 73610 0.025378 481143 1179852 3992
 73710 0.026586 536402 1261769 4252
 73810 0.024909 481613 1231097 3992
 73910 0.025257 510459 1232264 4252
 74010 0.025029 498355 1223934 3992
 74110 0.025398 486272 1272665 3992
 74210 0.025931 466050 1292578 4252
 74310 0.025451 480425 1315609 3996
 74410 0.024519 464248 1260217 3996
 74510 0.025123 498330 1247036 4256
 74610 0.025341 505858 1232406 3996
 74710 0.026515 559079 1252658 3996
 74810 0.025168 506849 1229192 4000
 74910 0.026586 537405 1221023 4000
 75010 0.025780 496483 1311010 3868
 75110 0.026879 542637 1321361 4128
 75210 0.024840 492084 1226173 4392
 75310 0.024948 494491 1237118 4000
 75410 0.024800 491906 1287519 4000
 75510 0.025011 501066 1220768 4260
 75610 0.025562 522074 1244204 4000
 75710 0.026143 523089 1317374 4000
 75810 0.026747 513824 1317071 4004
 75910 0.033283 527593 1242574 4004
 76010 0.025162 507642 1240311 3872
 76110 0.025434 514250 1237792 4132
 76210 0.025038 513963 1209304 4396
 76310 0.025406 515774 1278926 4004
 76410 0.026105 504614 1299173 4004
 76510 0.026370 531141 1311368 4264
 76610 0.038843 515183 1356391 4004
 76710 0.026422 517622 1295001 4004
 76810 0.026610 500707 1366210 4008
 76910 0.026438 546861 1246658 4008
 77010 0.026233 482076 1351483 3876
 77110 0.026900 563960 1272622 4136
 77210 0.026569 533322 1348414 4400
 77310 0.027613 584606 1360331 4008
 77410 0.025798 505624 1282329 4008
 77510 0.027418 578552 1273625 4268
 77610 0.026639 539864 1355018 4008
 77710 0.026252 542030 1298395 4008
 77810 0.026865 550659 1312026 4268
 77910 0.026563 534624 1347354 4008
 78010 0.026603 524514 1328370 4268
 78110 0.030061 560295 1306797 4008
 78210 0.026498 530753 1300657 4008
 78310 0.026720 512833 1319543 4268
 78410 0.027095 559702 1290220 4012
 78510 0.026547 517013 1296046 4012
 78610 0.028581 598576 1421805 4272
 78710 0.026842 514414 1379256 4012
 78810 0.026434 518006 1315671 4012
 78910 0.027762 569359 1378574 4016
 79010 0.027725 579944 1331059 4016
 79110 0.026180 519732 1285331 3884
 79210 0.027504 544036 1418650 4144
 79310 0.026253 533884 1300079 4408
 79410 0.028135 516184 1419053 4016
 79510 0.027753 553936 1369797 4016
 79610 0.026738 531042 1327138 4276
 79710 0.027440 533520 1343763 4016
 79810 0.027102 553155 1325940 4016
 79910 0.027753 546353 1314790 4020
 80010 0.030667 559686 1377669 4020
 80110 0.028736 538328 1325595 3888
 80210 0.027756 583916 1320425 4148
 80310 0.028429 587518 1406469 4412
 80410 0.027122 537476 1330301 4020
 80510 0.027350 513915 1419775 4020
 80610 0.027202 516526 1352957 4280
 80710 0.027686 560664 1376564 4020
 80810 0.027281 536444 1343515 4020
 80910 0.027590 536149 1392203 4024
 81010 0.027421 545985 1367330 4024
 81110 0.028573 626855 1332682 3892
 81210 0.028442 544856 1469497 4152
 81310 0.028317 584872 1411510 4416
 81410 0.029237 562154 1460775 4024
 81510 0.029250 577666 1450442 4024
 81610 0.029616 540138 1399553 4284
 81710 0.028477 567891 1423021 4024
 81810 0.027974 557933 1388781 4024
 81910 0.026887 524567 1337499 4284
 82010 0.027849 554905 1397257 4024
 82110 0.028028 566995 1372038 4284
 82210 0.028163 535840 1427309 4024
 82310 0.028622 563215 1442938 4024
 82410 0.028285 561781 1335525 4284
 82510 0.029497 590000 1363599 4028
 82610 0.029817 611435 1418086 4028
 82710 0.029209 587470 1450229 4288
 82810 0.027606 520440 1443707 4028
 82910 0.028541 574913 1416993 4028
 83010 0.028193 553483 1366162 4032
 83110 0.028637 565369 1425191 4032
 83210 0.032121 543351 1383800 3900
 83310 0.028222 571850 1383386 4160
 83410 0.028824 602021 1411466 4424
 83510 0.029724 573246 1483925 4032
 83610 0.029047 566622 1495029 4032
 83710 0.029444 602523 1460623 4292
 83810 0.027631 554232 1366094 4032
 83910 0.027954 541229 1372522 4032
 84010 0.027779 559081 1373241 4036
 84110 0.029195 573383 1486036 4036
 84210 0.029464 591835 1470960 3904
 84310 0.028694 589600 1404864 4164
 84410 0.029045 546049 1532720 4428
 84510 0.029706 582763 1475842 4036
 84610 0.030879 690442 1467588 4036
 84710 0.030143 596004 1437338 4560
 84810 0.028833 581156 1445978 4036
 84910 0.028656 560535 1396230 4036
 85010 0.029057 570688 1500210 4040
 85110 0.030470 575593 1445517 4040
 85210 0.029491 588275 1461469 3908
 85310 0.028895 571770 1417866 4168
 85410 0.028519 577954 1426869 4432
 85510 0.028636 586297 1472626 4040
 85610 0.029099 566506 1466385 4040
 85710 0.029110 547885 1478363 4564
 85810 0.029664 563471 1464803 4040
 85910 0.029909 606185 1551310 4040
 86010 0.029724 576666 1414809 4564
 86110 0.030579 551996 1470308 4040
 86210 0.028925 578313 1455541 4300
 86310 0.029776 603935 1438957 4040
 86410 0.030023 554793 1528965 4040
 86510 0.028800 567067 1485598 4564
 86610 0.030953 641540 1521380 4044
 86710 0.029963 628274 1443663 4044
 86810 0.031269 675382 1515088 4568
 86910 0.029193 548732 1511059 4044
 87010 0.030763 578208 1472874 4044
 87110 0.030801 639392 1507412 4048
 87210 0.030391 625441 1511010 4048
 87310 0.030276 568973 1586125 3916
 87410 0.029698 586530 1482458 4176
 87510 0.030236 600378 1473349 4440
 87610 0.030730 618214 1477836 4048
 87710 0.032170 650331 1498624 4048
 87810 0.031158 598036 1595755 4572
 87910 0.030886 640181 1489387 4048
 88010 0.037122 616450 1548777 4048
 88110 0.029815 597674 1490184 4052
 88210 0.030171 610824 1483091 4052
 88310 0.030630 618605 1501472 3920
 88410 0.030721 645174 1465234 4180
 88510 0.029996 594285 1493652 4444
 88610 0.030150 605794 1477166 4052
 88710 0.031113 570755 1622511 4052
 88810 0.030038 584636 1480953 4576
 88910 0.029861 575031 1496742 4052
 89010 0.030167 587637 1551306 4052
 89110 0.031917 674538 1529188 4056
 89210 0.030609 612173 1506906 4056
 89310 0.030113 574818 1501495 3924
 89410 0.030990 617639 1515916 4184
 89510 0.032132 648526 1572764 4448
 89610 0.030991 608984 1569756 4056
 89710 0.030509 595872 1546673 4056
 89810 0.030117 578133 1533227 4580
 89910 0.030209 577975 1571113 4056
 90010 0.030751 639239 1487266 4056
 90110 0.031205 632524 1560962 4060
 90210 0.032447 653985 1505874 4060
 90310 0.030768 622655 1548122 3928
 90410 0.031539 620510 1528482 4188
 90510 0.030714 600750 1538188 4452
 90610 0.030359 597303 1509481 4060
 90710 0.031631 626553 1561671 4060
 90810 0.031493 600950 1644635 4584
 90910 0.031120 620070 1567041 4060
 91010 0.031179 616797 1555633 4060
 91110 0.032165 659378 1576818 4584
 91210 0.032095 671361 1537097 4060
 91310 0.031834 607624 1620065 4320
 91410 0.031116 603992 1566611 4060
 91510 0.033668 729200 1588464 4060
 91610 0.030608 605251 1530358 4584
 91710 0.031014 625626 1509889 4064
 91810 0.030891 592725 1573087 4064
 91910 0.031871 624063 1591673 4588
 92010 0.032422 618798 1553327 4064
 92110 0.031182 634860 1518178 4064
 92210 0.031788 632994 1521916 4068
 92310 0.031844 595730 1592137 4068
 92410 0.033544 720828 1625807 3936
 92510 0.032180 637387 1653586 4196
 92610 0.031760 639168 1562004 4460
 92710 0.030921 598231 1548197 4068
 92810 0.032723 692114 1584859 4068
 92910 0.032256 621575 1671309 4592
 93010 0.032886 698974 1589233 4068
 93110 0.031419 609468 1610176 4068
 93210 0.033062 663609 1584386 4072
 93310 0.033743 684883 1690974 4072
 93410 0.031561 635295 1610419 3940
 93510 0.033036 693419 1655966 4200
 93610 0.034048 673473 1587613 4464
 93710 0.041906 630879 1564017 4072
 93810 0.038746 676753 1628754 4072
 93910 0.041548 682083 1654641 4596
 94010 0.034394 602227 1624187 4072
 94110 0.032913 624307 1612966 4072
 94210 0.035265 626985 1660553 4076
 94310 0.034430 631487 1732447 4076
 94410 0.033602 696107 1595388 3944
 94510 0.032652 684395 1604873 4204
 94610 0.033698 671168 1626586 4468
 94710 0.033897 659960 1605042 4076
 94810 0.035186 707487 1751452 4076
 94910 0.032357 642530 1614221 4600
 95010 0.032703 657141 1601983 4076
 95110 0.032689 647870 1630966 4076
 95210 0.033366 614093 1767556 4600
 95310 0.033767 702158 1604053 4076
 95410 0.033242 679080 1608958 4336
 95510 0.033750 690920 1638535 4076
 95610 0.033860 691516 1644691 4076
 95710 0.032356 635478 1595652 4600
 95810 0.035645 649545 1643019 4080
 95910 0.034119 665230 1707294 4080
 96010 0.033524 652435 1688272 4604
 96110 0.034965 701045 1624164 4080
 96210 0.035225 730561 1694948 4080
 96310 0.032991 659494 1622130 4084
 96410 0.033264 668762 1656008 4084
 96510 0.031771 628944 1654303 3952
 96610 0.034171 657660 1628042 4212
 96710 0.034914 673892 1684305 4476
 96810 0.033280 673515 1581555 4084
 96910 0.034904 703948 1654355 4084
 97010 0.034907 701086 1707948 4608
 97110 0.034732 705106 1658478 4084
 97210 0.033479 669751 1676878 4084
 97310 0.037953 732356 1621622 4088
 97410 0.034334 661225 1666055 4088
 97510 0.033565 669996 1654758 3956
 97610 0.034027 654846 1741113 4216
 97710 0.035076 709839 1650636 4480
 97810 0.032961 656405 1679930 4088
 97910 0.033977 684363 1660841 4088
 98010 0.033806 675677 1617875 4612
 98110 0.034406 688022 1847070 4088
 98210 0.034397 654406 1806238 4088
 98310 0.034179 700035 1742038 4092
 98410 0.033636 681232 1648089 4092
 98510 0.034900 715484 1698733 3960
 98610 0.036476 673772 1746731 4220
 98710 0.034356 703759 1730783 4484
 98810 0.035372 717921 1740146 4092
 98910 0.035294 711721 1784656 4092
 99010 0.037702 759652 1748900 4616
 99110 0.037142 695917 1738282 4092
 99210 0.035337 738823 1721844 4092
 99310 0.034838 675177 1762542 4616
 99410 0.037016 733176 1679774 4092
 99510 0.037004 684435 1670680 4352
 99610 0.036157 694483 1830119 4092
 99710 0.039422 752216 1740491 4352
 99810 0.037977 683172 1732321 4616
 99910 0.038418 684684 1731273 4096
