 10 0.000045 10 23 1716
 110 0.000036 323 608 1716
 210 0.000057 679 1351 1716
 310 0.000085 1129 2194 1716
 410 0.000110 1560 3043 1716
 510 0.000162 1965 3931 1716
 610 0.000181 2526 4862 1716
 710 0.000196 3010 5846 1716
 810 0.000227 3434 6822 1716
 910 0.000256 3974 7798 1716
 1010 0.000294 4403 8813 1716
 1110 0.000321 4943 9830 1716
 1210 0.000387 5617 10912 1716
 1310 0.000422 6088 11902 1716
 1410 0.000427 6607 12973 1716
 1510 0.000444 7165 14082 1716
 1610 0.000491 7704 15118 1716
 1710 0.000518 8299 16232 1716
 1810 0.000555 8827 17365 1716
 1910 0.000587 9338 18408 1716
 2010 0.000606 9830 19536 1716
 2110 0.000657 10452 20650 1716
 2210 0.000692 11074 21791 1716
 2310 0.000729 11642 22916 1716
 2410 0.000798 12292 24091 1716
 2510 0.000820 12785 25162 1716
 2610 0.000937 13477 26398 1716
 2710 0.000929 14215 27586 1716
 2810 0.000987 14601 28667 1716
 2910 0.001026 15296 29889 1716
 3010 0.000986 15772 31112 1716
 3110 0.001032 16333 32201 1716
 3210 0.001150 16996 33381 1716
 3310 0.001116 17586 34576 3680
 3410 0.001116 18229 35742 3680
 3510 0.001174 18754 36945 3680
 3610 0.001180 19349 38185 3680
 3710 0.001258 20075 39445 3680
 3810 0.001290 20612 40543 3680
 3910 0.001308 21084 41709 3680
 4010 0.001327 21667 42999 3680
 4110 0.001396 22064 44138 3680
 4210 0.001413 22919 45428 3680
 4310 0.001465 23576 46575 3680
 4410 0.001479 24282 47811 3680
 4510 0.001555 25025 49137 3680
 4610 0.001610 25553 50311 3680
 4710 0.001590 26344 51653 3680
 4810 0.001730 26864 52837 3680
 4910 0.001779 27654 54140 3680
 5010 0.001847 28345 55437 3680
 5110 0.001742 28787 56567 3680
 5210 0.001879 29480 57874 3680
 5310 0.001943 30174 59118 3680
 5410 0.001888 30835 60401 3680
 5510 0.001894 31416 61600 3680
 5610 0.001930 32049 62923 3680
 5710 0.001989 32693 64151 3680
 5810 0.002022 33255 65430 3680
 5910 0.002068 33778 66677 3680
 6010 0.002089 34582 68084 3680
 6110 0.002126 35091 69237 3680
 6210 0.002157 35689 70504 3680
 6310 0.002200 36608 71847 3680
 6410 0.002433 37088 73024 3680
 6510 0.002331 37856 74387 3680
 6610 0.002462 38327 75620 3680
 6710 0.002406 39118 76922 3680
 6810 0.002405 39877 78312 3680
 6910 0.002440 40452 79505 3680
 7010 0.002576 41042 80833 3680
 7110 0.002503 41670 82088 3680
 7210 0.002555 42260 83340 3680
 7310 0.002646 42834 84642 3680
 7410 0.002748 43642 85969 3680
 7510 0.002688 44175 87298 3680
 7610 0.002931 44832 88534 3680
 7710 0.002843 45477 89965 3680
 7810 0.002822 45916 91104 3680
 7910 0.002815 46570 92420 3680
 8010 0.002869 47242 93786 3680
 8110 0.002896 47685 94996 3680
 8210 0.003131 48400 96442 3680
 8310 0.003089 49091 97724 3680
 8410 0.003182 49905 99080 3680
 8510 0.003254 50705 100441 3680
 8610 0.003392 51393 101703 3680
 8710 0.003306 52112 102989 3680
 8810 0.003222 53007 104420 3680
 8910 0.003228 53733 105805 3680
 9010 0.003281 54384 107026 3680
 9110 0.003339 55129 108441 3680
 9210 0.003404 55482 109787 3680
 9310 0.003731 56466 111132 3680
 9410 0.003496 57334 112600 3680
 9510 0.003520 57917 113782 3680
 9610 0.003577 58611 115216 3680
 9710 0.003741 59266 116514 3680
 9810 0.004443 59939 117794 3680
 9910 0.003640 60813 119266 3680
 10010 0.003438 61206 120546 3680
 10110 0.003867 61861 121879 3680
 10210 0.003917 62554 123319 3680
 10310 0.004062 63255 124638 3680
 10410 0.014657 64158 125983 3680
 10510 0.003902 64826 127273 3680
 10610 0.003936 65405 128649 3680
 10710 0.003982 66414 130089 3680
 10810 0.004126 66979 131406 3680
 10910 0.004051 67785 132855 3680
 11010 0.004170 68176 134050 3680
 11110 0.004137 69105 135507 3680
 11210 0.004202 69714 136804 3680
 11310 0.004216 70246 138238 3680
 11410 0.004247 71081 139665 3680
 11510 0.004443 71731 140944 3680
 11610 0.004335 72307 142273 3680
 11710 0.004373 73086 143693 3680
 11810 0.004552 73707 145113 3680
 11910 0.004470 74249 146363 3680
 12010 0.004480 74973 147995 3680
 12110 0.004545 75661 149225 3680
 12210 0.004743 76128 150545 3680
 12310 0.004629 76792 151940 3680
 12410 0.004655 77366 153180 3680
 12510 0.007952 78298 154756 3680
 12610 0.004797 79123 156104 3680
 12710 0.006533 80089 157599 3680
 12810 0.005532 80726 158936 3680
 12910 0.005546 81372 160155 3680
 13010 0.005156 82246 161621 3680
 13110 0.007910 82833 163070 3680
 13210 0.007303 83623 164357 3680
 13310 0.007814 84035 165819 3680
 13410 0.007186 84981 167183 3680
 13510 0.005455 85740 168610 3680
 13610 0.005177 86443 169961 3680
 13710 0.005379 87015 171342 3680
 13810 0.005306 87580 172665 3680
 13910 0.005297 88493 174194 3680
 14010 0.005579 89166 175509 3680
 14110 0.005576 89758 176943 3680
 14210 0.005641 90253 178243 3680
 14310 0.005604 90887 179714 3680
 14410 0.005563 91532 181064 3680
 14510 0.005560 92323 182501 3680
 14610 0.005875 93123 183893 3680
 14710 0.005615 94003 185284 3680
 14810 0.005897 94741 186764 3680
 14910 0.005795 95075 188186 3680
 15010 0.008640 95973 189555 3680
 15110 0.007263 96784 190932 3680
 15210 0.006230 97198 192168 3680
 15310 0.006233 98006 193774 3680
 15410 0.006325 98544 194984 3680
 15510 0.006026 99242 196464 3680
 15610 0.006011 99842 197818 3680
 15710 0.006135 100578 199220 3680
 15810 0.006222 101097 200696 3680
 15910 0.006134 101786 202122 3680
 16010 0.006116 102398 203372 3680
 16110 0.006196 102974 204868 3680
 16210 0.006385 103394 206213 3680
 16310 0.006393 104023 207650 3680
 16410 0.006582 104352 209055 3680
 16510 0.006621 105588 210543 3680
 16610 0.007367 106407 211945 3680
 16710 0.006979 107286 213335 3680
 16810 0.006565 108146 214747 3680
 16910 0.006553 109004 216215 3680
 17010 0.006601 109852 217682 3680
 17110 0.006753 110592 219066 3944
 17210 0.006752 111560 220599 3944
 17310 0.006737 112234 222015 3944
 17410 0.006780 112729 223320 3944
 17510 0.006791 114005 224894 3944
 17610 0.007082 114698 226362 3944
 17710 0.006961 115382 227684 3944
 17810 0.006959 116386 229218 3944
 17910 0.014521 116766 230649 3944
 18010 0.007589 117877 232139 3944
 18110 0.010424 118431 233508 3944
 18210 0.007432 119313 235127 3944
 18310 0.007383 119797 236500 3944
 18410 0.007341 120505 237986 3944
 18510 0.007301 121518 239436 3944
 18610 0.007317 122255 240816 3944
 18710 0.007474 122915 242229 3944
 18810 0.007495 123857 243579 3944
 18910 0.007435 124467 245051 3944
 19010 0.007544 125323 246528 3944
 19110 0.007936 126312 248117 3944
 19210 0.007599 126926 249456 3944
 19310 0.007667 127589 250765 3944
 19410 0.007614 128312 252440 3944
 19510 0.007820 129080 253850 3944
 19610 0.007792 129877 255236 3944
 19710 0.007812 130653 256717 3944
 19810 0.007801 131249 258058 3944
 19910 0.008044 131939 259609 3944
 20010 0.007946 132773 261014 3944
 20110 0.007941 133694 262582 3944
 20210 0.007989 134047 263951 3944
 20310 0.008169 134576 265277 3944
 20410 0.008088 135409 266862 3944
 20510 0.008107 135954 268193 3944
 20610 0.008273 136868 269748 3944
 20710 0.008275 137708 271210 3944
 20810 0.008252 138571 272697 3944
 20910 0.008272 139417 274057 3944
 21010 0.008467 140195 275619 3944
 21110 0.008446 140768 276880 3944
 21210 0.008421 141639 278312 3944
 21310 0.008517 142295 279949 3944
 21410 0.008715 143281 281536 3944
 21510 0.008564 143798 283000 3944
 21610 0.008618 144613 284340 3944
 21710 0.008746 145584 285718 3944
 21810 0.008777 146541 287440 3944
 21910 0.008771 146805 288552 3944
 22010 0.008770 147893 290322 3944
 22110 0.008983 148622 291559 3944
 22210 0.008920 149257 293118 3944
 22310 0.008909 149573 294475 3944
 22410 0.009135 150604 296024 3944
 22510 0.009128 151260 297505 3944
 22610 0.009091 151941 299067 3944
 22710 0.009263 152636 300490 3944
 22810 0.009182 153419 301779 3944
 22910 0.009317 154055 303424 3944
 23010 0.009204 154974 305042 3944
 23110 0.009562 155727 306404 3944
 23210 0.009642 156339 307670 3944
 23310 0.009404 157275 309284 3944
 23410 0.009684 157905 310734 3944
 23510 0.009646 158063 311998 3944
 23610 0.009521 159272 313751 3944
 23710 0.009715 159824 315015 3944
 23810 0.009633 160502 316470 3944
 23910 0.009642 161445 318148 3944
 24010 0.010360 161715 319365 3944
 24110 0.009763 162684 321021 3944
 24210 0.009731 163218 322500 3944
 24310 0.009903 163657 323856 3944
 24410 0.009848 164366 325321 3944
 24510 0.009857 164926 326857 3944
 24610 0.010521 165618 328229 3944
 24710 0.010271 166720 329863 3944
 24810 0.010198 167694 331448 3944
 24910 0.010466 168436 332723 3944
 25010 0.010435 169093 334208 3944
 25110 0.010187 170003 335734 3944
 25210 0.010349 170781 337175 3944
 25310 0.010250 171807 338795 3944
 25410 0.010310 172545 340202 3944
 25510 0.010447 173276 341720 3944
 25610 0.010708 173787 343098 3944
 25710 0.011513 174816 344626 3944
 25810 0.011564 175621 346139 3956
 25910 0.010644 176320 347515 3956
 26010 0.010686 177285 349012 3956
 26110 0.010672 177802 350572 3956
 26210 0.010743 178640 352038 3956
 26310 0.010846 179188 353426 3956
 26410 0.010784 180061 355023 3956
 26510 0.011018 180723 356594 3956
 26610 0.011083 181463 357977 3956
 26710 0.010953 182234 359593 3956
 26810 0.010908 183232 361007 3956
 26910 0.011113 183914 362434 3956
 27010 0.011028 184817 363888 3964
 27110 0.011162 185397 365532 3964
 27210 0.011178 186120 366753 3964
 27310 0.011141 186868 368257 3964
 27410 0.011475 187744 370069 3964
 27510 0.011232 188183 371435 3964
 27610 0.011298 189170 372872 3964
 27710 0.026047 189793 374305 3964
 27810 0.011508 190635 375859 3964
 27910 0.011735 191267 377453 3972
 28010 0.024897 192051 378894 3972
 28110 0.011509 192766 380439 3972
 28210 0.011565 193226 381739 3972
 28310 0.012583 194273 383198 3972
 28410 0.013241 194757 384805 3972
 28510 0.013224 195429 386214 3972
 28610 0.013616 196196 387925 3972
 28710 0.014067 196686 389419 3972
 28810 0.017425 197570 390613 3976
 28910 0.013586 198592 392307 3976
 29010 0.013899 199200 393732 3976
 29110 0.013996 199964 395224 3980
 29210 0.013539 200906 396689 3980
 29310 0.013688 201272 398168 3980
 29410 0.013020 202169 399792 3980
 29510 0.014090 203031 401312 3980
 29610 0.013650 203880 402729 3980
 29710 0.014541 204192 404007 3980
 29810 0.014020 205260 405862 3980
 29910 0.013453 205930 407107 3980
 30010 0.014773 206719 408778 3988
 30110 0.014318 207481 410101 3988
 30210 0.013443 208032 411596 3988
 30310 0.014018 208745 413314 3988
 30410 0.013302 209644 414659 3988
 30510 0.013387 210129 416102 3988
 30610 0.014418 210935 417712 3988
 30710 0.013421 211434 419319 3988
 30810 0.013081 212119 420771 3988
 30910 0.013799 213142 422121 3996
 31010 0.014322 213801 423789 3996
 31110 0.013590 214383 425267 3996
 31210 0.021265 215248 426842 3996
 31310 0.013224 215813 428211 3996
 31410 0.013280 216709 429719 3996
 31510 0.013361 217319 431145 3996
 31610 0.013350 217934 432936 3996
 31710 0.013612 218837 434344 3996
 31810 0.013225 219189 435703 3996
 31910 0.013269 219805 437129 3996
 32010 0.013461 220665 438806 3996
 32110 0.013277 221445 440256 4004
 32210 0.013570 221765 441901 4004
 32310 0.013735 222623 443337 4004
 32410 0.014696 223055 444775 4004
 32510 0.013895 223549 446216 4004
 32610 0.013909 224162 447613 4004
 32710 0.013793 224743 449135 4004
 32810 0.014263 225363 450438 4004
 32910 0.014654 226367 452323 4012
 33010 0.014191 227736 453831 4012
 33110 0.014573 228542 455383 3884
 33210 0.014020 229505 456772 3884
 33310 0.014447 230347 458294 3884
 33410 0.014346 231336 459971 4012
 33510 0.014804 232119 461527 4012
 33610 0.014229 233174 463034 4012
 33710 0.014165 233843 464624 4012
 33810 0.014100 235043 466038 4012
 33910 0.017475 235805 467607 4016
 34010 0.014520 236252 469116 4016
 34110 0.014864 237615 470803 4016
 34210 0.014443 238485 472144 4020
 34310 0.014572 238902 473616 4020
 34410 0.014504 239886 475289 4020
 34510 0.014775 241187 476937 4020
 34610 0.014767 241662 478496 4020
 34710 0.014938 242638 480096 4020
 34810 0.014698 243272 481579 4020
 34910 0.014750 244247 482992 4020
 35010 0.015013 244902 484697 4024
 35110 0.017483 245905 486093 4024
 35210 0.015345 246815 487699 4024
 35310 0.015948 247620 489375 4028
 35410 0.015990 248517 490733 4028
 35510 0.019372 249514 492212 4028
 35610 0.016727 250352 493994 4028
 35710 0.015280 250922 495549 4028
 35810 0.015264 251665 497073 4028
 35910 0.015682 252152 498391 4028
 36010 0.016856 253378 500112 4028
 36110 0.016299 254373 501649 4032
 36210 0.016220 254792 502934 4032
 36310 0.017379 255950 504889 4032
 36410 0.016316 256731 506439 4036
 36510 0.015744 257571 508047 4036
 36610 0.015958 258177 509317 4036
 36710 0.015983 258633 510870 4036
 36810 0.016229 259053 512232 4036
 36910 0.016602 260146 513921 4040
 37010 0.016008 260814 515277 4044
 37110 0.015887 262142 516939 3916
 37210 0.015777 262965 518745 3916
 37310 0.015711 263934 520090 4176
 37410 0.016156 264765 521639 4044
 37510 0.015318 265750 523248 4044
 37610 0.016108 266393 524863 4044
 37710 0.016033 267310 526392 4044
 37810 0.016588 268198 528117 4044
 37910 0.016441 268711 529374 4048
 38010 0.016656 269859 531143 4052
 38110 0.016342 270474 532410 3924
 38210 0.016326 271419 534117 3924
 38310 0.016698 272053 535477 4184
 38410 0.016349 273023 537247 4052
 38510 0.016913 273842 538751 4052
 38610 0.016469 274522 540311 4052
 38710 0.016645 275186 541751 4052
 38810 0.016333 276043 543450 4052
 38910 0.016565 276689 544949 4056
 39010 0.016184 277276 546179 4060
 39110 0.017173 278418 548097 3932
 39210 0.017071 279232 549646 3932
 39310 0.017032 280160 551148 4192
 39410 0.016981 280972 552774 4060
 39510 0.017161 281751 554267 4060
 39610 0.017362 281980 555432 4060
 39710 0.017045 282869 557210 4060
 39810 0.017630 283925 558913 4060
 39910 0.017195 284350 560499 4060
 40010 0.018956 285440 562043 4060
 40110 0.017653 285849 563395 4060
 40210 0.017126 286650 564810 4064
 40310 0.017295 287539 566980 4064
 40410 0.017266 288319 568311 4064
 40510 0.017569 288815 569729 4068
 40610 0.017604 289869 571509 4068
 40710 0.017322 290210 572619 4068
 40810 0.017695 290734 574170 4068
 40910 0.017875 291378 575731 4068
 41010 0.018392 291860 577286 4072
 41110 0.018061 293007 579026 4076
 41210 0.019944 294306 580675 3948
 41310 0.017702 295001 582112 3948
 41410 0.017510 295969 583672 4208
 41510 0.017744 296903 585130 4076
 41610 0.017680 298135 587029 4076
 41710 0.018175 298501 588187 4076
 41810 0.018055 299550 590080 4076
 41910 0.019161 300466 591416 4076
 42010 0.018179 301203 592952 4080
 42110 0.018105 302172 594919 4084
 42210 0.018227 302976 596207 3956
 42310 0.018720 303881 597849 3956
 42410 0.018493 304684 599377 4216
 42510 0.018599 305217 600846 4084
 42610 0.018134 305892 602232 4084
 42710 0.018733 306870 603936 4084
 42810 0.018361 308084 605625 4084
 42910 0.018649 308658 607051 4084
 43010 0.018674 308996 608565 4088
 43110 0.024357 310236 610200 4092
 43210 0.018683 310927 611704 3964
 43310 0.018828 311526 613237 3964
 43410 0.020549 312486 614856 4224
 43510 0.019685 313534 616440 4092
 43610 0.019082 314616 618188 4092
 43710 0.018795 315280 619504 4092
 43810 0.020406 315826 621064 4092
 43910 0.019110 316844 622792 4092
 44010 0.020047 317073 623892 4092
 44110 0.019156 318224 625873 4092
 44210 0.019333 318943 627283 4092
 44310 0.019194 319832 629047 4096
 44410 0.019559 320171 630517 4096
 44510 0.019682 321345 632158 4096
 44610 0.020314 322049 633671 4100
 44710 0.020489 322857 635410 4100
 44810 0.021259 323378 636840 4100
 44910 0.019955 323968 638330 4100
 45010 0.020421 324520 639804 4100
 45110 0.020499 325424 641540 4104
 45210 0.020947 326458 643241 4108
 45310 0.020944 327050 644366 3980
 45410 0.020355 328271 646473 3980
 45510 0.019823 328916 647552 4240
 45610 0.020742 329878 649546 4108
 45710 0.020435 330767 650828 4108
 45810 0.019763 331603 652513 4108
 45910 0.020224 332182 653968 4108
 46010 0.020195 332908 655616 4108
 46110 0.020415 333726 656973 4112
 46210 0.020611 334578 658607 4116
 46310 0.020760 334921 660088 3988
 46410 0.020613 336452 662002 3988
 46510 0.021720 336998 663203 4248
 46610 0.023104 337411 664855 4116
 46710 0.023629 338460 666622 4116
 46810 0.023353 338870 668140 4116
 46910 0.020713 339270 669484 4116
 47010 0.022002 340307 671190 4116
 47110 0.020673 340596 672642 4120
 47210 0.023413 341778 674393 4124
 47310 0.020877 342183 675622 3996
 47410 0.021636 343263 677384 3996
 47510 0.020390 344276 679118 4256
 47610 0.023257 344846 680471 4124
 47710 0.020666 345499 681982 4124
 47810 0.021226 346270 683668 4124
 47910 0.021093 346787 685185 4124
 48010 0.022434 347956 686756 4124
 48110 0.021404 348405 688471 4124
 48210 0.021266 349201 690180 4124
 48310 0.021234 349654 691402 4124
 48410 0.021367 350490 692955 4128
 48510 0.022228 351039 694736 4128
 48610 0.021466 351929 696101 4128
 48710 0.021908 352250 697652 4132
 48810 0.021949 353534 699589 4132
 48910 0.023435 353679 700816 4132
 49010 0.021812 354254 702352 4132
 49110 0.021672 355093 703955 4132
 49210 0.022109 355766 705806 4136
 49310 0.023620 356732 707255 4140
 49410 0.021896 357584 708686 4012
 49510 0.021881 358729 710527 4012
 49610 0.021739 359889 711989 4272
 49710 0.024003 360265 713331 4140
 49810 0.022093 361639 715239 4140
 49910 0.022085 362610 716902 4140
 50010 0.021895 363268 718243 4140
 50110 0.022002 364037 720024 4140
 50210 0.022165 365222 721687 4144
 50310 0.021869 365658 722991 4148
 50410 0.022210 366799 724639 4020
 50510 0.022203 368047 726319 4020
 50610 0.022511 368913 728052 4280
 50710 0.022205 369618 729549 4148
 50810 0.022504 370514 730925 4148
 50910 0.022681 371243 732751 4408
 51010 0.022769 371857 734145 4148
 51110 0.022723 372550 735709 4148
 51210 0.023804 373255 737076 4152
 51310 0.024029 374160 738902 4156
 51410 0.023659 375308 740443 4028
 51510 0.024203 376689 742497 4028
 51610 0.023083 376887 743670 4288
 51710 0.024093 377701 745257 4156
 51810 0.025354 378761 746797 4156
 51910 0.024905 379593 748381 4416
 52010 0.025230 380443 750209 4156
 52110 0.024672 381242 751744 4156
 52210 0.024434 381781 752963 4416
 52310 0.027392 382840 754797 4156
 52410 0.023802 383708 756353 4156
 52510 0.023015 384396 757988 4160
 52610 0.023400 385141 759663 4160
 52710 0.022780 385874 761265 4420
 52810 0.022956 387075 763000 4164
 52910 0.027132 387274 764277 4164
 53010 0.023772 388105 765812 4424
 53110 0.029898 388999 767599 4164
 53210 0.024970 389252 769058 4164
 53310 0.024453 390276 770630 4168
 53410 0.023889 391497 772334 4172
 53510 0.026025 392046 773722 4044
 53610 0.025290 392956 775566 4044
 53710 0.024726 394108 777357 4304
 53810 0.024744 394440 778385 4172
 53910 0.024631 395641 780302 4172
 54010 0.024300 396605 781807 4432
 54110 0.025666 397140 783141 4172
 54210 0.025033 397578 784705 4172
 54310 0.024896 398563 786388 4176
 54410 0.027355 399548 788064 4180
 54510 0.025730 400349 789632 4052
 54610 0.025566 401317 791338 4052
 54710 0.025506 402194 792996 4312
 54810 0.025116 402863 794451 4180
 54910 0.025023 403595 795871 4180
 55010 0.024983 404318 797604 4440
 55110 0.025498 404925 799156 4180
 55210 0.025753 405980 800885 4180
 55310 0.024373 406384 802244 4184
 55410 0.024412 407200 803794 4188
 55510 0.024622 408303 805637 4060
 55610 0.024417 409050 807356 4060
 55710 0.024722 409829 808849 4320
 55810 0.024383 410486 810413 4188
 55910 0.024557 411505 812058 4188
 56010 0.024803 412284 813489 4448
 56110 0.024892 412661 815128 4188
 56210 0.027355 413552 816699 4188
 56310 0.025616 414292 818424 4448
 56410 0.026535 415454 820163 4188
 56510 0.026257 415702 821576 4188
 56610 0.025540 416568 823131 4192
 56710 0.028644 417308 824681 4192
 56810 0.024971 417440 826179 4452
 56910 0.025200 418806 828178 4196
 57010 0.025184 419457 829563 4196
 57110 0.024875 420069 831133 4456
 57210 0.025795 420436 832628 4196
 57310 0.025449 420888 834282 4196
 57410 0.025542 421838 835587 4200
 57510 0.025214 422914 837443 4204
 57610 0.025663 424050 839033 4076
 57710 0.025087 424778 840671 4076
 57810 0.025319 425601 842190 4336
 57910 0.025898 426771 843978 4204
 58010 0.025699 427382 845486 4204
 58110 0.026051 428068 846928 4464
 58210 0.026442 429126 848573 4204
 58310 0.026118 429872 850325 4204
 58410 0.025685 430753 851857 4208
 58510 0.026112 431703 853484 4212
 58610 0.025756 432471 855180 4084
 58710 0.026629 433248 856449 4084
 58810 0.027382 434125 858318 4344
 58910 0.026303 434739 859892 4212
 59010 0.025945 435567 861367 4212
 59110 0.026298 436631 863068 4472
 59210 0.026780 437145 864534 4212
 59310 0.026681 438288 866133 4212
 59410 0.026380 438830 867891 4216
 59510 0.029808 439381 869315 4220
 59610 0.027108 440758 871203 4092
 59710 0.027304 440854 872341 4092
 59810 0.027379 442344 874086 4352
 59910 0.028333 442524 875832 4220
 60010 0.026932 443623 877394 4220
 60110 0.027735 444161 878730 4480
 60210 0.030945 444984 880496 4220
 60310 0.027974 445588 882278 4220
 60410 0.031562 446154 883707 4480
 60510 0.029159 447005 885447 4220
 60610 0.028155 448078 886753 4220
 60710 0.027315 448927 888709 4224
 60810 0.029492 449284 889999 4224
 60910 0.027275 450088 891719 4484
 61010 0.027708 451029 893490 4228
 61110 0.029376 451787 894758 4228
 61210 0.030452 452374 896731 4488
 61310 0.028802 452836 898221 4228
 61410 0.029826 453751 899732 4228
 61510 0.028350 454382 901420 4232
 61610 0.027483 455395 903104 4236
 61710 0.028026 455812 904400 4108
 61810 0.032011 456763 906009 4108
 61910 0.027997 457867 907917 4368
 62010 0.028770 458874 909487 4236
 62110 0.027573 459367 910957 4236
 62210 0.030421 460072 912591 4496
 62310 0.028317 460779 914061 4236
 62410 0.027860 461443 915526 4236
 62510 0.028075 462413 917285 4240
 62610 0.027791 463054 918885 4244
 62710 0.028437 464105 920458 4116
 62810 0.028555 464865 922121 4116
 62910 0.028152 465028 923383 4376
 63010 0.028302 466146 925238 4244
 63110 0.028056 467071 927266 4244
 63210 0.029184 467219 928371 4504
 63310 0.030413 468144 930036 4244
 63410 0.031928 468778 931745 4244
 63510 0.030405 469790 933475 4248
 63610 0.030443 470190 935105 4252
 63710 0.029471 471051 936375 4124
 63810 0.030220 471566 938108 4124
 63910 0.030165 472576 939972 4384
 64010 0.028485 472861 941250 4252
 64110 0.028071 473887 942710 4252
 64210 0.028619 474572 944558 4512
 64310 0.028934 475681 945957 4252
 64410 0.029956 476019 947723 4252
 64510 0.029038 476486 949030 4256
 64610 0.028989 477598 951071 4260
 64710 0.030979 477780 952225 4132
 64810 0.029172 478369 953923 4132
 64910 0.028797 479457 955734 4392
 65010 0.028978 479898 957159 4260
 65110 0.029004 480910 959000 4260
 65210 0.029513 481233 960695 4520
 65310 0.029433 481895 961882 4260
 65410 0.029191 482362 963737 4260
 65510 0.029396 482772 965112 4520
 65610 0.030859 484104 966829 4260
 65710 0.031212 484972 968524 4520
 65810 0.031786 485808 970004 4264
 65910 0.031442 487075 971847 4264
 66010 0.031842 488227 973657 4524
 66110 0.032364 489237 975150 4268
 66210 0.030386 490169 976908 4268
 66310 0.031050 490794 978501 4528
 66410 0.032380 492022 980421 4268
 66510 0.031910 492979 981810 4268
 66610 0.031511 493766 983431 4272
 66710 0.031180 495007 984918 4276
 66810 0.030677 495696 986709 4148
 66910 0.030243 496784 988265 4148
 67010 0.030307 497928 990092 4408
 67110 0.030343 498986 991718 4276
 67210 0.031258 499882 993173 4276
 67310 0.032900 500722 994866 4536
 67410 0.031706 501210 996457 4276
 67510 0.031076 502281 998104 4276
 67610 0.029671 503425 1000138 4280
 67710 0.033958 504136 1001457 4284
 67810 0.031345 505181 1002882 4156
 67910 0.031443 506436 1004663 4416
 68010 0.031193 507371 1006353 4680
 68110 0.031685 507675 1007857 4284
 68210 0.031472 508860 1009375 4284
 68310 0.036611 509882 1011322 4544
 68410 0.030918 510851 1013004 4284
 68510 0.030950 511869 1014301 4284
 68610 0.032361 512452 1015969 4288
 68710 0.033838 513274 1017604 4292
 68810 0.031629 514090 1019064 4164
 68910 0.031733 515329 1021237 4424
 69010 0.031567 516182 1022411 4688
 69110 0.031685 516996 1024454 4292
 69210 0.031768 518171 1026237 4292
 69310 0.040661 518682 1027387 4552
 69410 0.031745 519542 1029553 4292
 69510 0.032118 520328 1031088 4292
 69610 0.032062 521189 1032825 4552
 69710 0.032134 522300 1034490 4292
 69810 0.031474 522988 1035726 4552
 69910 0.031601 524354 1037439 4296
 70010 0.031950 525086 1039169 4296
 70110 0.031503 526476 1041135 4556
 70210 0.031340 527092 1042683 4300
 70310 0.032569 527991 1044055 4300
 70410 0.032750 528782 1045947 4560
 70510 0.033119 529554 1047345 4300
 70610 0.035042 530500 1048826 4300
 70710 0.032786 531567 1050732 4304
 70810 0.032846 532467 1052024 4308
 70910 0.032201 533286 1053845 4180
 71010 0.031480 534004 1055451 4440
 71110 0.032657 535263 1057242 4704
 71210 0.032493 535666 1058540 4308
 71310 0.034126 536668 1060248 4308
 71410 0.032069 537516 1062078 4568
 71510 0.032079 538351 1063946 4308
 71610 0.032415 538966 1065388 4308
 71710 0.032293 540173 1067076 4312
 71810 0.032265 541232 1068661 4316
 71910 0.032454 541729 1070292 4188
 72010 0.034140 542447 1072075 4448
 72110 0.034219 543827 1073393 4712
 72210 0.034269 544617 1075342 4316
 72310 0.032900 545530 1076927 4316
 72410 0.032840 546235 1078515 4576
 72510 0.036088 547313 1080356 4316
 72610 0.032680 548034 1081976 4316
 72710 0.037141 548293 1083264 4320
 72810 0.032807 549323 1084913 4324
 72910 0.033322 550429 1086858 4196
 73010 0.032898 550837 1088219 4456
 73110 0.033045 551868 1090222 4720
 73210 0.033378 552578 1091850 4324
 73310 0.033299 553216 1093119 4324
 73410 0.033336 553867 1094862 4584
 73510 0.033603 554643 1096572 4324
 73610 0.032911 555571 1098340 4324
 73710 0.033002 556020 1099927 4584
 73810 0.033172 557202 1101458 4324
 73910 0.033156 558062 1103234 4584
 74010 0.033359 559390 1104999 4328
 74110 0.035487 560173 1106533 4328
 74210 0.034253 560972 1108026 4588
 74310 0.034074 561994 1109728 4332
 74410 0.033990 562582 1111395 4332
 74510 0.034453 564146 1113034 4592
 74610 0.033749 564742 1114754 4332
 74710 0.034070 565817 1116309 4332
 74810 0.034507 566705 1117919 4336
 74910 0.034575 567628 1119598 4340
 75010 0.034092 568711 1121383 4212
 75110 0.033809 569492 1123276 4472
 75210 0.034065 570368 1124639 4736
 75310 0.033879 571257 1126203 4340
 75410 0.034400 571846 1127757 4340
 75510 0.034690 573277 1129488 4600
 75610 0.034163 573733 1131077 4340
 75710 0.034212 574155 1132874 4340
 75810 0.034231 575011 1134227 4344
 75910 0.034121 576378 1136116 4348
 76010 0.034442 577622 1137767 4220
 76110 0.038073 578234 1139609 4480
 76210 0.039456 579151 1140885 4744
 76310 0.039529 579958 1142810 4348
 76410 0.037316 581267 1144674 4348
 76510 0.035230 581923 1146102 4608
 76610 0.035317 582555 1147689 4348
 76710 0.037331 583526 1149546 4348
 76810 0.036910 584133 1151184 4352
 76910 0.036634 585447 1152682 4356
 77010 0.036505 585944 1154241 4228
 77110 0.035372 586836 1155893 4488
 77210 0.035517 587694 1157657 4752
 77310 0.035759 588452 1159460 4356
 77410 0.035609 589020 1160864 4356
 77510 0.036275 590202 1162591 4616
 77610 0.035366 590864 1164340 4356
 77710 0.036519 591502 1165894 4356
 77810 0.035818 591732 1167331 4616
 77910 0.037238 592635 1169266 4356
 78010 0.037109 594121 1170815 4616
 78110 0.038589 594721 1172266 4360
 78210 0.038846 595312 1174049 4360
 78310 0.038093 596683 1175825 4620
 78410 0.037977 597337 1177283 4364
 78510 0.035478 598695 1179066 4364
 78610 0.037121 599387 1180547 4624
 78710 0.036046 600183 1182529 4364
 78810 0.036181 600635 1183993 4364
 78910 0.035588 602177 1185930 4368
 79010 0.035808 602559 1187344 4372
 79110 0.037348 603403 1188984 4244
 79210 0.037270 604453 1190671 4504
 79310 0.036506 605039 1192209 4768
 79410 0.042622 606154 1193754 4372
 79510 0.036419 606538 1195408 4372
 79610 0.037489 607621 1197012 4632
 79710 0.036422 608304 1198776 4372
 79810 0.038011 608551 1200486 4372
 79910 0.037204 609331 1202001 4376
 80010 0.038608 610605 1204044 4380
 80110 0.037115 611548 1205442 4252
 80210 0.037631 612115 1207296 4512
 80310 0.036689 612545 1208255 4776
 80410 0.036288 613345 1210094 4380
 80510 0.036408 614281 1211805 4380
 80610 0.036389 615831 1213850 4640
 80710 0.036564 616369 1215395 4380
 80810 0.036618 617207 1216925 4380
 80910 0.036733 617227 1218613 4384
 81010 0.036818 618104 1220112 4388
 81110 0.036615 619045 1221988 4260
 81210 0.037122 619910 1223531 4520
 81310 0.036686 620833 1225378 4784
 81410 0.037191 620990 1226858 4388
 81510 0.039554 621910 1228389 4388
 81610 0.037776 622680 1230006 4648
 81710 0.041059 623509 1232145 4388
 81810 0.036926 623831 1233514 4388
 81910 0.037436 624348 1234950 4648
 82010 0.036984 625201 1236660 4388
 82110 0.037237 626328 1238026 4648
 82210 0.037719 627411 1240174 4392
 82310 0.038325 629176 1241713 4392
 82410 0.038104 629606 1243414 4652
 82510 0.041360 631016 1245275 4396
 82610 0.038607 631507 1246744 4396
 82710 0.037329 632704 1248543 4656
 82810 0.037482 633367 1250256 4396
 82910 0.039549 634052 1251870 4396
 83010 0.037489 635384 1253456 4400
 83110 0.037775 636502 1255023 4404
 83210 0.038457 637662 1256793 4276
 83310 0.038975 638013 1258292 4536
 83410 0.038887 639129 1259742 4800
 83510 0.040767 640560 1261882 4404
 83610 0.041112 641024 1263175 4404
 83710 0.038040 641640 1264813 4664
 83810 0.038937 642447 1266444 4404
 83910 0.038810 643234 1268293 4404
 84010 0.039453 644069 1270037 4408
 84110 0.039043 645766 1271822 4412
 84210 0.038949 646566 1273550 4284
 84310 0.042566 647415 1274974 4544
 84410 0.040171 648337 1276703 4808
 84510 0.041010 648908 1278208 4412
 84610 0.039186 649858 1279967 4412
 84710 0.040024 651100 1281831 4936
 84810 0.039457 651712 1283270 4412
 84910 0.039329 652294 1284843 4412
 85010 0.039387 653135 1286483 4416
 85110 0.041389 654158 1288082 4420
 85210 0.040082 655071 1289905 4292
 85310 0.042339 655776 1291193 4552
 85410 0.040099 656677 1293121 4816
 85510 0.040331 657804 1294880 4420
 85610 0.040126 658354 1296479 4420
 85710 0.039954 659079 1297941 4944
 85810 0.039502 659928 1300078 4420
 85910 0.038754 660207 1301405 4420
 86010 0.039997 661655 1303302 4944
 86110 0.039508 662264 1304587 4420
 86210 0.041661 663356 1306463 4680
 86310 0.046241 663944 1308137 4424
 86410 0.039648 665388 1309757 4424
 86510 0.039840 666166 1311473 4948
 86610 0.041930 666988 1313401 4428
 86710 0.041086 668134 1314955 4428
 86810 0.040027 668581 1316155 4952
 86910 0.040295 669256 1318011 4428
 87010 0.040685 671000 1319927 4428
 87110 0.040564 671356 1321577 4432
 87210 0.040135 672214 1323213 4436
 87310 0.054803 673478 1324763 4308
 87410 0.039521 673627 1326207 4568
 87510 0.039797 674648 1328176 4832
 87610 0.039831 675546 1329910 4436
 87710 0.040168 676399 1331356 4436
 87810 0.040160 677409 1333278 4960
 87910 0.043328 677993 1334823 4436
 88010 0.040650 678656 1336277 4436
 88110 0.040420 679451 1338241 4440
 88210 0.042785 680156 1339575 4444
 88310 0.042828 680642 1341284 4316
 88410 0.040893 682091 1343218 4576
 88510 0.040999 682775 1344741 4840
 88610 0.040739 683692 1346318 4444
 88710 0.040735 684982 1348183 4444
 88810 0.041944 685401 1349701 4968
 88910 0.040717 685943 1351263 4444
 89010 0.041791 687070 1353060 4444
 89110 0.041070 687381 1354866 4448
 89210 0.041270 688162 1356353 4452
 89310 0.040910 689376 1357963 4324
 89410 0.040954 689644 1359579 4584
 89510 0.040412 690643 1361210 4848
 89610 0.041075 691382 1363141 4452
 89710 0.040807 692224 1364799 4452
 89810 0.041148 692750 1366315 4976
 89910 0.041140 693440 1367769 4452
 90010 0.043512 693921 1369506 4452
 90110 0.041473 694837 1371481 4456
 90210 0.044467 696267 1373335 4460
 90310 0.041621 697068 1374772 4332
 90410 0.041527 697633 1376166 4592
 90510 0.041355 698859 1377710 4856
 90610 0.042523 699801 1379638 4460
 90710 0.043711 700512 1381410 4460
 90810 0.044890 701665 1383137 4984
 90910 0.042607 702765 1384936 4460
 91010 0.042076 703784 1386651 4460
 91110 0.042507 704178 1387847 4984
 91210 0.042904 704537 1389461 4460
 91310 0.046151 705756 1391092 4720
 91410 0.043189 706713 1392618 4464
 91510 0.041879 707175 1394313 4464
 91610 0.042719 708787 1396258 4988
 91710 0.042882 709424 1398090 4468
 91810 0.043762 710019 1399601 4468
 91910 0.042960 710463 1401122 4992
 92010 0.043578 711523 1402681 4468
 92110 0.042948 712481 1404417 4468
 92210 0.044472 713648 1406489 4472
 92310 0.045373 714059 1408032 4476
 92410 0.042620 715182 1409677 4348
 92510 0.043952 716139 1411304 4608
 92610 0.042361 716403 1412700 4872
 92710 0.042325 717314 1414588 4476
 92810 0.043797 717964 1416097 4476
 92910 0.044253 719539 1418019 5000
 93010 0.043258 719716 1419590 4476
 93110 0.043082 720645 1421365 4476
 93210 0.043053 721578 1423118 4480
 93310 0.043929 722534 1424757 4484
 93410 0.042947 722912 1425997 4356
 93510 0.046555 724031 1427967 4616
 93610 0.042859 724768 1429602 4880
 93710 0.043265 725386 1431181 4484
 93810 0.043056 726009 1432567 4484
 93910 0.043861 726831 1434833 5008
 94010 0.043665 727831 1436399 4484
 94110 0.043353 728243 1437990 4484
 94210 0.044523 729244 1439755 4488
 94310 0.044501 730140 1441388 4492
 94410 0.046561 730875 1442667 4364
 94510 0.046951 731768 1444782 4624
 94610 0.045650 732903 1446706 4888
 94710 0.046403 733042 1447683 4492
 94810 0.046857 733883 1449325 4492
 94910 0.047536 735154 1451070 5016
 95010 0.048918 735736 1452998 4492
 95110 0.046801 736323 1454547 4492
 95210 0.049909 737279 1456284 5016
 95310 0.046177 737587 1457563 4492
 95410 0.045808 738684 1459592 4752
 95510 0.043978 739652 1461292 4496
 95610 0.046887 740637 1462883 4496
 95710 0.044932 741411 1464854 5020
 95810 0.044562 742054 1466114 4500
 95910 0.044757 743280 1467985 4500
 96010 0.045965 743493 1469424 5024
 96110 0.044079 744095 1471239 4500
 96210 0.045165 744558 1472651 4500
 96310 0.050902 745352 1474308 4504
 96410 0.046218 746226 1476073 4508
 96510 0.047546 747495 1477999 4380
 96610 0.046450 748074 1479336 4640
 96710 0.047155 748690 1481389 4904
 96810 0.048077 749268 1483002 4508
 96910 0.045659 750070 1484325 4508
 97010 0.046974 750856 1485818 5032
 97110 0.049730 751217 1487981 4508
 97210 0.049186 752294 1489747 4508
 97310 0.046776 752780 1490882 4512
 97410 0.045011 753662 1492612 4516
 97510 0.046368 754036 1494521 4388
 97610 0.045881 755358 1496337 4648
 97710 0.046524 755928 1497851 4912
 97810 0.046296 756015 1499516 4516
 97910 0.046490 757185 1501374 4516
 98010 0.045992 757602 1503247 5040
 98110 0.048845 758110 1504169 4516
 98210 0.046799 759360 1506240 4516
 98310 0.045883 759445 1507863 4520
 98410 0.047358 760951 1509555 4524
 98510 0.045242 761520 1511259 4396
 98610 0.048099 763070 1513152 4656
 98710 0.047510 763969 1514530 4920
 98810 0.047593 764659 1516056 4524
 98910 0.045902 765780 1517641 4524
 99010 0.048252 766984 1519631 5048
 99110 0.045975 768260 1521435 4524
 99210 0.046280 768821 1522833 4524
 99310 0.045852 770070 1524920 5048
 99410 0.048326 770921 1526596 4524
 99510 0.046476 772142 1528049 4784
 99610 0.046896 772713 1529812 4528
 99710 0.046822 773790 1531282 4788
 99810 0.046353 773754 1532818 5052
 99910 0.046809 775980 1534829 4532
