 10 0.000058 16 26 1772
 110 0.000044 391 673 1772
 210 0.000052 885 1844 1772
 310 0.000070 1383 2634 1772
 410 0.000117 2190 3680 1772
 510 0.000120 2636 5162 1772
 610 0.000205 3749 6954 1772
 710 0.000231 4626 7843 1772
 810 0.000248 4931 8720 1772
 910 0.001352 5935 10112 1772
 1010 0.000274 5622 11228 1772
 1110 0.000365 6034 11617 1772
 1210 0.000387 8114 13477 1772
 1310 0.000334 7889 14588 1772
 1410 0.000379 9985 17469 1772
 1510 0.000436 11275 18086 1772
 1610 0.000458 10868 20127 1772
 1710 0.000528 10900 20294 1772
 1810 0.000528 11053 21458 1772
 1910 0.000500 12316 22740 1772
 2010 0.000541 13879 23753 1772
 2110 0.000521 12816 24842 1772
 2210 0.000621 15124 28061 1772
 2310 0.000614 14470 28869 1772
 2410 0.000732 17425 32506 1772
 2510 0.000860 16860 38527 1772
 2610 0.000781 19235 33493 1772
 2710 0.000757 18344 32940 1772
 2810 0.000497 18405 34273 1772
 2910 0.000945 21649 38555 1772
 3010 0.001198 22825 37286 1772
 3110 0.000861 21152 39786 1772
 3210 0.000845 19767 40054 1772
 3310 0.001116 26284 47210 1772
 3410 0.001033 25859 47149 1772
 3510 0.001055 24712 54862 1772
 3610 0.001197 30239 50880 1772
 3710 0.001192 29240 53190 1772
 3810 0.001340 26887 49997 1772
 3910 0.001582 27585 51797 1772
 4010 0.001311 31907 57599 1772
 4110 0.001337 30592 59914 1772
 4210 0.001353 33562 57366 1772
 4310 0.001344 34099 59293 1772
 4410 0.001367 33059 59822 1772
 4510 0.001417 33963 68139 3560
 4610 0.001753 34067 65372 3560
 4710 0.001438 33817 62761 3560
 4810 0.001590 37287 67903 3560
 4910 0.001915 38202 66592 3560
 5010 0.001502 34763 72139 3560
 5110 0.001601 38537 74906 3560
 5210 0.001581 38063 69630 3560
 5310 0.001669 42471 76117 3560
 5410 0.001716 43531 77167 3560
 5510 0.003583 41278 76953 3560
 5610 0.001779 46218 80621 3560
 5710 0.001986 53083 96071 3560
 5810 0.001752 44532 80970 3560
 5910 0.001881 47281 85858 3560
 6010 0.001807 47046 83786 3560
 6110 0.001862 48405 87483 3560
 6210 0.002038 47076 86459 3560
 6310 0.001914 46111 96717 3560
 6410 0.001923 48686 89852 3560
 6510 0.002233 56891 95349 3560
 6610 0.002042 52976 93266 3560
 6710 0.002019 49913 97726 3560
 6810 0.001999 47222 96244 3560
 6910 0.002224 55452 101997 3560
 7010 0.002056 49642 102222 3560
 7110 0.002065 52465 94886 3560
 7210 0.002321 62412 104493 3560
 7310 0.002355 62858 110776 3560
 7410 0.002239 55962 109435 3560
 7510 0.002503 61541 116831 3560
 7610 0.002580 54453 114265 3560
 7710 0.002357 58095 112816 3560
 7810 0.002633 61303 129395 3560
 7910 0.001996 61766 115267 3560
 8010 0.002463 58488 119565 3560
 8110 0.002890 66693 125127 3560
 8210 0.002770 72507 126212 3560
 8310 0.002565 63814 126668 3560
 8410 0.002814 72824 131982 3560
 8510 0.002588 63712 121971 3560
 8610 0.002837 72857 135988 3560
 8710 0.002961 68640 125179 3560
 8810 0.002654 66338 126159 3560
 8910 0.002840 69281 129279 3560
 9010 0.002885 68740 136139 3560
 9110 0.003132 80099 145694 3560
 9210 0.004355 76650 140514 3560
 9310 0.004659 72471 147124 3560
 9410 0.003061 73923 146032 3560
 9510 0.003080 78431 139420 3560
 9610 0.003123 69102 155684 3560
 9710 0.003226 79753 151129 3560
 9810 0.015800 79325 148747 3560
 9910 0.003368 90706 158979 3560
 10010 0.003258 85000 152202 3560
 10110 0.003206 78298 151446 3560
 10210 0.003155 77929 148896 3560
 10310 0.003368 86768 166230 3560
 10410 0.003263 77639 161556 3560
 10510 0.003134 77172 158418 3560
 10610 0.003363 87414 157421 3560
 10710 0.003667 94650 168878 3560
 10810 0.003529 87423 177143 3560
 10910 0.003388 87314 167047 3560
 11010 0.004031 93831 177207 3560
 11110 0.003848 86588 180371 3560
 11210 0.003892 94929 175046 3560
 11310 0.003926 97984 183540 3560
 11410 0.003995 93941 176742 3560
 11510 0.004020 95606 177826 3560
 11610 0.004202 96863 180945 3560
 11710 0.003814 99706 184079 3560
 11810 0.004470 100282 185771 3560
 11910 0.004467 95871 179810 3560
 12010 0.004766 117551 200733 3560
 12110 0.003937 98528 190909 3560
 12210 0.005001 114955 193436 3560
 12310 0.004411 112555 206010 3560
 12410 0.004601 109419 203634 3560
 12510 0.005043 126939 213314 3560
 12610 0.004270 111468 209417 3560
 12710 0.004194 103636 211325 3560
 12810 0.004677 128987 230314 3560
 12910 0.004172 111205 209080 3660
 13010 0.004355 110822 212865 3660
 13110 0.005016 122171 222061 3660
 13210 0.004355 116214 219263 3660
 13310 0.004658 109897 207520 3660
 13410 0.004261 107868 202585 3660
 13510 0.004660 123638 214513 3660
 13610 0.004463 117708 211267 3660
 13710 0.004596 122623 220004 3660
 13810 0.005147 114582 217722 3660
 13910 0.004513 115622 221950 3660
 14010 0.004729 115848 235267 3660
 14110 0.004508 113075 227363 3660
 14210 0.004731 120452 232867 3660
 14310 0.005010 129363 229844 3660
 14410 0.004848 113101 240849 3660
 14510 0.004796 119949 231250 3660
 14610 0.005058 130391 245647 3660
 14710 0.004646 112794 238481 3660
 14810 0.005043 124984 249521 3660
 14910 0.004846 115773 249988 3660
 15010 0.005360 123425 234011 3660
 15110 0.004928 120875 246097 3660
 15210 0.004992 124670 252934 3660
 15310 0.005657 156589 256837 3660
 15410 0.005104 127221 249419 3660
 15510 0.006610 145019 258267 3660
 15610 0.005250 128357 273612 3660
 15710 0.005443 143348 253158 3660
 15810 0.005081 129489 251065 3660
 15910 0.005812 147603 273709 3696
 16010 0.005249 127993 251296 3696
 16110 0.005679 145802 266691 3696
 16210 0.005296 136324 259560 3696
 16310 0.005529 135435 260598 3696
 16410 0.005854 158704 278945 3696
 16510 0.005946 158226 295532 3696
 16610 0.005721 147942 267609 3696
 16710 0.005763 153651 275663 3696
 16810 0.005564 139400 264692 3704
 16910 0.005867 153118 289522 3704
 17010 0.005725 149444 278791 3704
 17110 0.006130 159816 290945 3708
 17210 0.006156 159855 298310 3708
 17310 0.005657 147394 269694 3708
 17410 0.005667 140810 284561 3708
 17510 0.005789 145621 283588 3708
 17610 0.006205 156961 297600 3708
 17710 0.006022 155589 292415 3708
 17810 0.006055 147399 305380 3708
 17910 0.007275 178855 301789 3708
 18010 0.006594 168400 325828 3712
 18110 0.006791 152743 318482 3712
 18210 0.006885 152773 302673 3712
 18310 0.008857 182266 333308 3712
 18410 0.006741 167997 310618 3712
 18510 0.007255 158109 311520 3712
 18610 0.007155 161091 308034 3712
 18710 0.010098 173724 339764 3712
 18810 0.006452 165709 319256 3712
 18910 0.007489 172375 338524 3712
 19010 0.009549 163873 318658 3712
 19110 0.006837 171486 325708 3712
 19210 0.007238 198077 332670 3716
 19310 0.007011 175728 358693 3716
 19410 0.007049 184986 346014 3716
 19510 0.006799 177952 331223 3716
 19610 0.007180 192115 346770 3716
 19710 0.006796 165899 321789 3716
 19810 0.006983 184365 333709 3716
 19910 0.006893 175754 332724 3716
 20010 0.007091 186746 345516 3716
 20110 0.007005 169674 328414 3720
 20210 0.006918 181670 343836 3720
 20310 0.007125 185582 340883 3720
 20410 0.007009 185308 334541 3720
 20510 0.006878 176161 340702 3720
 20610 0.007288 183427 354275 3720
 20710 0.007169 185913 344363 3720
 20810 0.007215 187350 348509 3720
 20910 0.006726 165850 338545 3720
 21010 0.007308 182424 354988 3724
 21110 0.007468 193936 359134 3724
 21210 0.007140 184983 342962 3724
 21310 0.007423 193668 364626 3724
 21410 0.007375 183784 350089 3724
 21510 0.008349 215198 377676 3724
 21610 0.008974 178950 351572 3724
 21710 0.007702 189617 359428 3724
 21810 0.007534 194817 365328 3724
 21910 0.007419 191058 359506 3724
 22010 0.007674 195575 374954 3724
 22110 0.007956 200084 392901 3724
 22210 0.007448 179674 372635 3728
 22310 0.007671 193537 375659 3728
 22410 0.008514 229895 415970 3728
 22510 0.007865 192598 392023 3728
 22610 0.007715 188913 379327 3728
 22710 0.007938 209596 385870 3728
 22810 0.007767 194873 391117 3728
 22910 0.008701 224764 412473 3728
 23010 0.007867 201019 392393 3728
 23110 0.008707 212791 396140 3732
 23210 0.009071 222550 426992 3732
 23310 0.008325 204004 430965 3732
 23410 0.008176 206999 415589 3732
 23510 0.008021 198818 394463 3732
 23610 0.008454 208791 419022 3732
 23710 0.008034 207574 388511 3732
 23810 0.008282 210888 409294 3732
 23910 0.008756 242058 412850 3732
 24010 0.008473 211926 428929 3732
 24110 0.009385 246645 448025 3732
 24210 0.008685 228412 410642 3732
 24310 0.008531 205686 410298 3736
 24410 0.011566 246949 421603 3736
 24510 0.008370 208962 408089 3736
 24610 0.008945 224436 424225 3736
 24710 0.009015 227098 419571 3736
 24810 0.008788 230487 421081 3736
 24910 0.008758 229549 415209 3736
 25010 0.008739 203293 465321 3736
 25110 0.008931 231895 428839 3736
 25210 0.008665 214540 438794 3740
 25310 0.008462 204301 429401 3740
 25410 0.009327 237180 474697 3740
 25510 0.008976 218928 437215 3740
 25610 0.012460 220334 436218 3740
 25710 0.009293 240077 450882 3740
 25810 0.009320 246181 460467 3740
 25910 0.009398 237432 472440 3740
 26010 0.009179 234531 442871 3740
 26110 0.009059 235454 439488 3744
 26210 0.009170 235764 430848 3744
 26310 0.009128 232455 448376 3744
 26410 0.009516 249729 459225 3744
 26510 0.009545 250080 465787 3744
 26610 0.009812 256850 460813 3744
 26710 0.009353 247415 447122 3744
 26810 0.009883 251405 483747 3744
 26910 0.009943 234055 455351 3744
 27010 0.009630 237979 481565 3744
 27110 0.011179 266324 490232 3744
 27210 0.009531 239194 464485 3744
 27310 0.009362 235206 462795 3748
 27410 0.009908 257273 475722 3748
 27510 0.009787 241118 484910 3748
 27610 0.009926 256668 494783 3748
 27710 0.010663 292005 505297 3748
 27810 0.010050 250323 482152 3748
 27910 0.010025 257694 486007 3748
 28010 0.010039 262767 485037 3748
 28110 0.009955 238650 500611 3748
 28210 0.010645 279171 523439 3752
 28310 0.010134 266644 498971 3752
 28410 0.010350 260755 522487 3752
 28510 0.010277 276483 486771 3752
 28610 0.009933 257884 473476 3752
 28710 0.010127 243141 517758 3752
 28810 0.010700 288401 512424 3752
 28910 0.010353 268962 513839 3752
 29010 0.010626 275514 504436 3752
 29110 0.010183 254390 528267 3752
 29210 0.010919 279580 520934 3752
 29310 0.010343 270063 498971 3752
 29410 0.010623 263351 556545 3756
 29510 0.010614 267780 523057 3756
 29610 0.010353 256375 514132 3756
 29710 0.010088 249881 499460 3756
 29810 0.011517 281939 525784 3756
 29910 0.011192 291775 546636 3756
 30010 0.010799 282263 517306 3756
 30110 0.011646 298492 565071 3756
 30210 0.010945 275825 528787 3756
 30310 0.010955 276304 543884 3760
 30410 0.011152 285395 536967 3760
 30510 0.010929 286310 525778 3760
 30610 0.010799 265702 538702 3760
 30710 0.012052 324788 573579 3760
 30810 0.011224 295688 546298 3760
 30910 0.011941 304294 567330 3760
 31010 0.011741 303576 575228 3760
 31110 0.010973 272940 555039 3760
 31210 0.011268 297759 543171 3760
 31310 0.010845 278145 527471 3760
 31410 0.011707 302601 570025 3760
 31510 0.012124 330857 582652 3764
 31610 0.011113 278926 575172 3764
 31710 0.013419 281013 536673 3764
 31810 0.012072 332194 571427 3764
 31910 0.011267 269896 577904 3764
 32010 0.011840 313808 563270 3764
 32110 0.011379 297451 553022 3764
 32210 0.011200 282639 542200 3764
 32310 0.012723 356262 586080 3764
 32410 0.012986 353351 600339 3768
 32510 0.011568 294650 544727 3768
 32610 0.011506 285402 566093 3768
 32710 0.011918 302988 572324 3768
 32810 0.012913 352721 603709 3768
 32910 0.012181 301111 588346 3772
 33010 0.013985 328538 585554 3640
 33110 0.012177 308274 592621 3640
 33210 0.012458 324846 596178 3640
 33310 0.020277 328929 598332 3772
 33410 0.011818 302148 577643 3772
 33510 0.012232 313105 615794 3772
 33610 0.012553 329192 609364 3772
 33710 0.012778 343687 613174 3772
 33810 0.012511 315298 607138 3776
 33910 0.012505 330788 594541 3776
 34010 0.011680 296933 573604 3644
 34110 0.012370 319450 588388 3644
 34210 0.013140 343851 654385 3904
 34310 0.012791 321087 639518 3776
 34410 0.013075 348447 638167 3776
 34510 0.012993 337198 600617 3776
 34610 0.012779 330054 607230 3776
 34710 0.013034 337131 637980 3776
 34810 0.013154 334422 628517 3776
 34910 0.012322 305238 638119 3776
 35010 0.012929 340003 615776 3776
 35110 0.012794 328052 638784 3776
 35210 0.013570 342182 627634 3776
 35310 0.013611 362969 668329 3776
 35410 0.014372 397918 688339 3780
 35510 0.013241 342832 642175 3780
 35610 0.013328 343706 668891 3780
 35710 0.012816 317432 635115 3780
 35810 0.013688 362228 673613 3780
 35910 0.012870 318074 656292 3784
 36010 0.013048 330649 649481 3784
 36110 0.013077 323936 666122 3652
 36210 0.014290 388380 684751 3652
 36310 0.013435 352654 663284 3912
 36410 0.013681 351336 663443 3784
 36510 0.013056 334681 642524 3784
 36610 0.013780 352420 684439 3784
 36710 0.013723 358116 677646 3784
 36810 0.013597 348849 664074 3784
 36910 0.013695 353480 680138 3788
 37010 0.014255 370660 667883 3788
 37110 0.014030 368294 698734 3656
 37210 0.013647 345578 684230 3656
 37310 0.014110 378179 659943 3916
 37410 0.013232 336787 657806 3788
 37510 0.015223 412160 718340 3788
 37610 0.013471 341668 674500 3788
 37710 0.014199 370117 664929 3788
 37810 0.014426 380922 714859 3788
 37910 0.014325 355940 683816 3792
 38010 0.016172 356936 703567 3792
 38110 0.015041 353724 719067 3660
 38210 0.014543 364737 677846 3660
 38310 0.014335 336773 660991 3920
 38410 0.015310 378954 714960 3792
 38510 0.014644 373261 682339 3792
 38610 0.014208 359322 712906 3792
 38710 0.013478 346959 701245 3792
 38810 0.014176 365460 676829 3792
 38910 0.014349 348777 738694 3796
 39010 0.014403 365008 730582 3796
 39110 0.016476 444680 783134 3664
 39210 0.014185 363252 685922 3664
 39310 0.014202 366174 679369 3924
 39410 0.014782 386687 716892 3796
 39510 0.015096 371982 778961 3796
 39610 0.014708 384140 720048 3796
 39710 0.015374 414806 725183 3796
 39810 0.014677 385530 715940 3796
 39910 0.014433 358709 733202 3796
 40010 0.014780 386780 717356 3796
 40110 0.015729 416045 773969 3796
 40210 0.014256 359018 704969 3796
 40310 0.015495 411768 748235 3796
 40410 0.015152 397269 738904 3796
 40510 0.015514 385013 757447 3800
 40610 0.014877 381613 734749 3800
 40710 0.014972 384000 726369 3800
 40810 0.014432 365492 715908 3800
 40910 0.015012 395200 706128 3800
 41010 0.016233 424225 824046 3804
 41110 0.016850 415858 746336 3804
 41210 0.016434 374757 733640 3672
 41310 0.015214 386396 729270 3672
 41410 0.015489 396569 769779 3932
 41510 0.016385 430877 790393 3804
 41610 0.014896 372766 761666 3804
 41710 0.014824 359450 775959 3804
 41810 0.016951 467772 808747 3804
 41910 0.017291 472997 814679 3804
 42010 0.015818 425199 764151 3808
 42110 0.017440 473792 838051 3808
 42210 0.016772 385017 790086 3676
 42310 0.016540 433632 810539 3676
 42410 0.016495 424247 844228 3936
 42510 0.015929 396066 829723 3808
 42610 0.015326 366839 808115 3808
 42710 0.015677 401665 754520 3808
 42810 0.016109 412888 798326 3808
 42910 0.015411 377016 805395 3808
 43010 0.015553 387003 762658 3812
 43110 0.016477 440589 800439 3812
 43210 0.017903 480724 822301 3680
 43310 0.015659 399902 770052 3680
 43410 0.015977 401203 783783 3940
 43510 0.015591 401877 756861 3812
 43610 0.016436 407798 847877 3812
 43710 0.017445 461876 806003 3812
 43810 0.026422 496632 890009 3812
 43910 0.016260 415975 803258 3812
 44010 0.017358 459127 844888 3812
 44110 0.017010 436505 867863 3812
 44210 0.016966 448250 817425 3812
 44310 0.016401 416215 836258 3812
 44410 0.017438 417611 914528 3812
 44510 0.016386 422887 805749 3812
 44610 0.017694 472786 840824 3816
 44710 0.016226 425656 780364 3816
 44810 0.016949 437622 813483 3816
 44910 0.017630 462840 870462 3816
 45010 0.018150 497721 879340 3816
 45110 0.016349 412471 802918 3820
 45210 0.017196 481483 840537 3820
 45310 0.017467 461585 830709 3688
 45410 0.018500 420502 811700 3688
 45510 0.016736 427652 832010 3948
 45610 0.017062 445945 821925 3820
 45710 0.017338 441043 874706 3820
 45810 0.016632 428601 801009 3820
 45910 0.016865 429193 832486 3820
 46010 0.016897 435582 818596 3820
 46110 0.017648 459797 891452 3824
 46210 0.016338 414442 831433 3824
 46310 0.017563 449148 842250 3692
 46410 0.017116 429993 854092 3692
 46510 0.018363 468438 877844 3952
 46610 0.018587 465453 862027 3824
 46710 0.020140 476211 851730 3824
 46810 0.018402 489064 871021 3824
 46910 0.017619 470288 846768 3824
 47010 0.018954 508696 923348 3824
 47110 0.018498 499178 906042 3828
 47210 0.017539 443942 855438 3828
 47310 0.018053 473765 870990 3696
 47410 0.017274 438200 847878 3696
 47510 0.018720 494599 910740 3956
 47610 0.017831 459044 904431 3828
 47710 0.018497 491049 878216 3828
 47810 0.019684 517057 980663 3828
 47910 0.017748 421989 922648 3828
 48010 0.018407 470649 908168 3828
 48110 0.018451 484582 892727 3828
 48210 0.018146 466303 912294 3828
 48310 0.018603 471482 947587 3828
 48410 0.018590 478289 906486 3828
 48510 0.018922 506491 897361 3828
 48610 0.019015 506399 913002 3828
 48710 0.018423 481936 894620 3832
 48810 0.020193 491694 901032 3832
 48910 0.020579 446895 908819 3832
 49010 0.019978 474338 907702 3832
 49110 0.018481 475087 899421 3832
 49210 0.018897 477724 886687 3836
 49310 0.019034 508265 985603 3836
 49410 0.019931 529216 931760 3704
 49510 0.019411 502406 958042 3704
 49610 0.019574 513394 957620 3964
 49710 0.018562 458487 894010 3836
 49810 0.018500 467692 921912 3836
 49910 0.018771 477296 915550 3836
 50010 0.018710 486269 902371 3836
 50110 0.018435 470470 931421 3836
 50210 0.019317 507606 924313 3840
 50310 0.019708 523426 980574 3840
 50410 0.019151 506135 922134 3708
 50510 0.021058 576009 1015953 3708
 50610 0.020658 541673 974004 3968
 50710 0.019205 490230 972220 3840
 50810 0.019227 505483 926922 3840
 50910 0.019249 513142 932179 4100
 51010 0.021879 507463 969085 3840
 51110 0.020827 514220 938258 3840
 51210 0.019304 478207 935112 3844
 51310 0.019406 502906 948181 3844
 51410 0.021473 599101 1011216 3712
 51510 0.020183 519051 940511 3712
 51610 0.019693 515648 947626 3972
 51710 0.019118 481223 948582 3844
 51810 0.019075 491074 941264 3844
 51910 0.020163 462547 958378 4104
 52010 0.019890 529644 949476 3844
 52110 0.021784 607480 1040740 3844
 52210 0.019099 479946 950152 4104
 52310 0.019660 509819 968122 3844
 52410 0.020483 542094 995728 3844
 52510 0.021650 525755 977480 3844
 52610 0.021790 500934 973973 3844
 52710 0.021727 568192 1002690 4104
 52810 0.019940 523225 987808 3848
 52910 0.020962 546803 1035237 3848
 53010 0.020856 539501 1012370 4108
 53110 0.020922 505471 980296 3848
 53210 0.022287 503138 971103 3848
 53310 0.024414 555855 1050284 3852
 53410 0.020127 518872 969187 3852
 53510 0.020180 513915 987568 3720
 53610 0.019848 500608 997857 3720
 53710 0.024239 575582 1013931 3980
 53810 0.030405 554748 1019872 3852
 53910 0.022473 616956 1063893 3852
 54010 0.020201 528799 970577 4112
 54110 0.021803 600172 1024567 3852
 54210 0.023386 545676 1020723 3852
 54310 0.021462 594214 1051315 3856
 54410 0.020159 504783 994590 3856
 54510 0.020504 518678 1009305 3724
 54610 0.020577 510806 1055109 3724
 54710 0.022801 585318 1114003 3984
 54810 0.022358 605238 1068662 3856
 54910 0.021592 538301 1024024 3856
 55010 0.022853 558104 1067013 4116
 55110 0.020716 531654 1009133 3856
 55210 0.020628 514499 1051680 3856
 55310 0.021970 618911 1054858 3860
 55410 0.024002 549132 1025410 3860
 55510 0.022933 616090 1062753 3728
 55610 0.020697 536449 1020887 3728
 55710 0.021219 543409 1071124 3988
 55810 0.022364 581284 1058240 3860
 55910 0.025034 639507 1175557 3860
 56010 0.023886 633793 1128956 4120
 56110 0.022732 587706 1088024 3860
 56210 0.022477 586020 1083343 3860
 56310 0.022369 599521 1068040 4120
 56410 0.020369 516779 1006085 3860
 56510 0.021604 556463 1059295 3860
 56610 0.021260 542035 1047620 3860
 56710 0.021820 569169 1076811 3860
 56810 0.021195 548646 1036837 4120
 56910 0.024356 693149 1132322 3864
 57010 0.021834 566010 1060716 3864
 57110 0.021709 548540 1087973 4124
 57210 0.022176 589632 1085378 3864
 57310 0.021542 549657 1073578 3864
 57410 0.022504 561470 1084349 3868
 57510 0.024851 605857 1119590 3868
 57610 0.023391 538962 1084390 3736
 57710 0.022305 587407 1101180 3736
 57810 0.022427 579924 1100634 3996
 57910 0.022837 589440 1123429 3868
 58010 0.021177 546255 1039734 3868
 58110 0.025451 713119 1208472 4128
 58210 0.024059 548530 1091095 3868
 58310 0.022769 583043 1139258 3868
 58410 0.022682 594362 1100163 3872
 58510 0.022014 586583 1084161 3872
 58610 0.022373 556971 1164047 3740
 58710 0.024058 600643 1094863 3740
 58810 0.024456 577623 1089451 4000
 58910 0.025015 590064 1108280 3872
 59010 0.024306 664965 1162461 3872
 59110 0.023000 591258 1155366 4132
 59210 0.023472 607613 1172940 3872
 59310 0.021857 567464 1135277 3872
 59410 0.022384 550659 1197308 3876
 59510 0.023990 636051 1179495 3876
 59610 0.023965 627962 1134418 3744
 59710 0.023226 586475 1186912 3744
 59810 0.023034 593607 1135785 4004
 59910 0.023917 633899 1159745 3876
 60010 0.023261 583606 1094061 3876
 60110 0.022946 613821 1151359 4136
 60210 0.023766 629434 1154122 3876
 60310 0.024106 646205 1180995 3876
 60410 0.022375 562133 1120026 4136
 60510 0.023750 629127 1146214 3876
 60610 0.024438 651264 1205457 3876
 60710 0.023044 598823 1119570 3876
 60810 0.023908 617816 1199053 3876
 60910 0.025702 707691 1223196 4136
 61010 0.023237 579353 1179951 3880
 61110 0.027151 653206 1209529 3880
 61210 0.023654 645048 1150184 4140
 61310 0.026696 700040 1201199 3880
 61410 0.023108 588985 1125566 3880
 61510 0.024399 630431 1222979 3884
 61610 0.024057 619998 1228405 3884
 61710 0.024531 650594 1186628 3752
 61810 0.025774 620036 1168906 3752
 61910 0.022707 557960 1189806 4012
 62010 0.023931 621274 1189903 3884
 62110 0.027186 756052 1280690 3884
 62210 0.025948 711065 1240008 4144
 62310 0.023222 575034 1204568 3884
 62410 0.027389 653338 1260305 3884
 62510 0.025765 627158 1150204 3888
 62610 0.024194 600423 1234454 3888
 62710 0.024052 613155 1216818 3756
 62810 0.024927 634944 1236278 3756
 62910 0.025043 623367 1283888 4016
 63010 0.025222 672301 1246165 3888
 63110 0.024060 630831 1163696 3888
 63210 0.030004 742495 1288029 4148
 63310 0.025053 669974 1197675 3888
 63410 0.025161 650665 1200890 3888
 63510 0.025297 666929 1197719 3892
 63610 0.024887 650296 1226143 3892
 63710 0.025037 655747 1227037 3760
 63810 0.025399 674909 1193138 3760
 63910 0.026749 617319 1201944 4020
 64010 0.024576 656549 1194636 3892
 64110 0.026270 698997 1240220 3892
 64210 0.029124 696740 1293759 4152
 64310 0.030685 646070 1225668 3892
 64410 0.023920 603482 1220902 3892
 64510 0.024464 621971 1223295 3896
 64610 0.024513 628159 1199306 3896
 64710 0.024700 638321 1208718 3764
 64810 0.025512 659721 1262299 3764
 64910 0.024714 649584 1209520 4024
 65010 0.026169 677185 1347838 3896
 65110 0.027679 756560 1328017 3896
 65210 0.029418 610049 1211440 4156
 65310 0.028490 663852 1241644 3896
 65410 0.027603 701858 1292009 3896
 65510 0.025176 629598 1209848 4156
 65610 0.026753 692194 1268460 3896
 65710 0.025796 657539 1316305 3896
 65810 0.023844 587847 1227087 3896
 65910 0.025323 666903 1234131 3896
 66010 0.024812 619498 1267505 4156
 66110 0.025813 678657 1257844 3900
 66210 0.024943 638493 1229225 3900
 66310 0.025086 618629 1325519 4160
 66410 0.025538 665114 1255951 3900
 66510 0.025994 686592 1272546 3900
 66610 0.026008 669863 1303548 3904
 66710 0.025033 625230 1273552 3904
 66810 0.026413 679721 1310986 3772
 66910 0.027114 716372 1325098 4032
 67010 0.026153 693112 1266005 4032
 67110 0.026493 672389 1312898 3904
 67210 0.026536 689710 1388758 3904
 67310 0.026126 679289 1290436 4164
 67410 0.025358 636789 1276471 3904
 67510 0.024946 609051 1277404 3904
 67610 0.025736 672180 1246087 3908
 67710 0.025566 658628 1254604 3908
 67810 0.025633 659045 1246348 3776
 67910 0.027072 697302 1396235 4036
 68010 0.026972 699342 1354729 4300
 68110 0.025755 659127 1234970 3908
 68210 0.037072 740682 1324125 3908
 68310 0.025896 662250 1287189 4168
 68410 0.033168 714315 1310614 3908
 68510 0.027643 733160 1327809 3908
 68610 0.028241 747271 1361445 3912
 68710 0.026520 632548 1288064 3912
 68810 0.026692 681695 1297175 3780
 68910 0.026834 698250 1303782 4040
 69010 0.027731 743482 1355270 4304
 69110 0.041971 707855 1299885 3912
 69210 0.026951 711266 1319624 3912
 69310 0.026832 693574 1330966 4172
 69410 0.028124 749153 1376444 3912
 69510 0.026894 679996 1361650 3912
 69610 0.025897 665171 1290029 4172
 69710 0.028706 779696 1390590 3912
 69810 0.028914 769157 1395528 4172
 69910 0.026584 686142 1309833 3912
 70010 0.031573 721211 1354166 3912
 70110 0.027586 732871 1338184 4172
 70210 0.027551 715823 1354225 3916
 70310 0.027358 694720 1386062 3916
 70410 0.028267 758738 1360948 4176
 70510 0.027970 734622 1390762 3916
 70610 0.028901 739842 1459662 3916
 70710 0.027281 664014 1385133 3920
 70810 0.026736 664012 1342287 3920
 70910 0.032082 711005 1362879 3788
 71010 0.031990 726222 1358009 4048
 71110 0.027806 713553 1341602 4312
 71210 0.026877 681454 1365523 3920
 71310 0.026440 670250 1324384 3920
 71410 0.027155 677256 1374704 4180
 71510 0.028573 693428 1402795 3920
 71610 0.027684 715149 1339661 3920
 71710 0.033070 692211 1380058 3924
 71810 0.031153 709853 1343212 3924
 71910 0.029134 752728 1399660 3792
 72010 0.027619 706238 1377240 4052
 72110 0.028081 715785 1386901 4316
 72210 0.031427 784011 1392638 3924
 72310 0.028545 742459 1386708 3924
 72410 0.028632 758429 1382552 4184
 72510 0.028574 740600 1426721 3924
 72610 0.027047 682900 1345913 3924
 72710 0.033357 749210 1392369 3928
 72810 0.031743 852985 1511361 3928
 72910 0.029121 755538 1398982 3796
 73010 0.029193 769471 1448288 4056
 73110 0.038002 715761 1419402 4320
 73210 0.028795 768691 1387768 3928
 73310 0.031080 839914 1503174 3928
 73410 0.028923 751519 1433240 4188
 73510 0.028238 722002 1410344 3928
 73610 0.028899 760218 1405796 3928
 73710 0.029899 798350 1447755 4188
 73810 0.030524 777234 1472922 3928
 73910 0.028459 740098 1391977 4188
 74010 0.028979 753554 1440029 3928
 74110 0.029302 763850 1425957 3928
 74210 0.029766 774534 1449894 4188
 74310 0.031829 762156 1409517 3932
 74410 0.029953 789801 1421959 3932
 74510 0.029646 792351 1415338 4192
 74610 0.031140 827046 1540641 3932
 74710 0.030550 816186 1473890 3932
 74810 0.031971 878210 1514503 3936
 74910 0.032085 844848 1533951 3936
 75010 0.030229 727002 1437991 3804
 75110 0.034036 736858 1473246 4064
 75210 0.028369 715495 1407567 4328
 75310 0.030752 752783 1509723 3936
 75410 0.030340 791277 1522471 3936
 75510 0.029869 762076 1478143 4196
 75610 0.029799 768077 1472030 3936
 75710 0.029006 742944 1447979 3936
 75810 0.030231 777131 1452562 3940
 75910 0.031497 823624 1499742 3940
 76010 0.031328 836651 1503127 3808
 76110 0.034357 782901 1440514 4068
 76210 0.048873 810492 1524839 4332
 76310 0.032901 832164 1486006 3940
 76410 0.031233 823756 1483071 3940
 76510 0.031364 847629 1506484 4200
 76610 0.033447 912756 1597057 3940
 76710 0.031545 834332 1549953 3940
 76810 0.031110 849063 1529854 3944
 76910 0.035011 796377 1544271 3944
 77010 0.032460 869159 1541647 3812
 77110 0.032159 753422 1501877 4072
 77210 0.031166 847571 1480617 4336
 77310 0.030243 795700 1464172 3944
 77410 0.035478 737246 1575340 3944
 77510 0.033273 834569 1460431 4204
 77610 0.030356 786323 1492766 3944
 77710 0.030881 803832 1538622 3944
 77810 0.030660 780506 1535050 4204
 77910 0.032377 830433 1514682 3944
 78010 0.032305 858952 1560411 4204
 78110 0.030140 758109 1521626 3944
 78210 0.032600 813046 1518629 3944
 78310 0.031439 835770 1520716 4204
 78410 0.030940 803355 1525112 3948
 78510 0.033641 800478 1555958 3948
 78610 0.030564 778367 1545492 4208
 78710 0.029566 760971 1484432 3948
 78810 0.032910 792396 1500195 3948
 78910 0.033549 877690 1649922 3952
 79010 0.032682 842514 1571608 3952
 79110 0.031239 822286 1514507 3820
 79210 0.032003 854085 1511802 4080
 79310 0.032118 841546 1536034 4344
 79410 0.029901 754915 1503565 3952
 79510 0.034140 930499 1654466 3952
 79610 0.031396 826207 1518416 4212
 79710 0.031396 795294 1611136 3952
 79810 0.031910 828540 1565574 3952
 79910 0.032477 865123 1576410 3956
 80010 0.033137 887573 1607438 3956
 80110 0.031847 816587 1565081 3824
 80210 0.033521 896277 1653985 4084
 80310 0.032203 835272 1613171 4348
 80410 0.031387 788884 1638763 3956
 80510 0.031516 839030 1526889 3956
 80610 0.035017 831285 1559630 4216
 80710 0.033472 882584 1583124 3956
 80810 0.032497 838661 1609460 3956
 80910 0.033141 880660 1584004 3960
 81010 0.037867 845796 1670889 3960
 81110 0.032681 872940 1543032 3828
 81210 0.032716 834635 1663848 4088
 81310 0.031709 810620 1579117 4352
 81410 0.032596 854262 1607077 3960
 81510 0.031673 822372 1601391 3960
 81610 0.032290 818133 1549521 4220
 81710 0.039855 925390 1710651 3960
 81810 0.033444 835433 1630286 3960
 81910 0.035831 910346 1644437 4220
 82010 0.033157 881039 1589423 3960
 82110 0.032215 829575 1596062 4220
 82210 0.032266 829520 1598628 3960
 82310 0.033665 913444 1607685 3960
 82410 0.033359 842000 1674189 4220
 82510 0.031749 817616 1568795 3964
 82610 0.032272 830492 1601728 3964
 82710 0.031599 794970 1600508 4224
 82810 0.031453 767377 1562020 3964
 82910 0.033951 895259 1675826 3964
 83010 0.031829 822037 1594849 3968
 83110 0.032598 845357 1606283 3968
 83210 0.032574 799979 1651927 3836
 83310 0.033607 849254 1658916 4096
 83410 0.033169 846652 1635635 4360
 83510 0.032756 817780 1623748 3968
 83610 0.032336 818231 1598623 3968
 83710 0.034826 822996 1546695 4228
 83810 0.032505 817594 1680328 3968
 83910 0.033593 880758 1664186 3968
 84010 0.032842 855288 1621403 3972
 84110 0.037502 1022070 1858415 3972
 84210 0.033684 860018 1647304 3840
 84310 0.032030 817566 1582558 4100
 84410 0.035846 992208 1696717 4364
 84510 0.040260 992925 1772687 3972
 84610 0.041874 909331 1704674 3972
 84710 0.035611 907216 1623160 4496
 84810 0.034867 928239 1718308 3972
 84910 0.034315 841114 1614974 3972
 85010 0.034724 899307 1708136 3976
 85110 0.035042 901868 1698751 3976
 85210 0.032944 823084 1674835 3844
 85310 0.033740 873584 1682854 4104
 85410 0.033095 820654 1672591 4368
 85510 0.034157 884512 1672111 3976
 85610 0.034117 889428 1700730 3976
 85710 0.034493 867820 1715988 4500
 85810 0.034847 913999 1737391 3976
 85910 0.034044 864976 1724210 3976
 86010 0.040795 973324 1729537 4500
 86110 0.039048 879455 1697265 3976
 86210 0.034298 902728 1666389 4236
 86310 0.034556 922478 1650113 3976
 86410 0.034665 916731 1689715 3976
 86510 0.034152 877072 1715213 4500
 86610 0.034206 882307 1697720 3980
 86710 0.033130 836741 1685202 3980
 86810 0.036543 981624 1794237 4504
 86910 0.035241 902517 1740157 3980
 87010 0.034164 862473 1754051 3980
 87110 0.034999 924623 1700104 3984
 87210 0.035966 949634 1783544 3984
 87310 0.034973 905336 1745719 3852
 87410 0.034134 868812 1728714 4112
 87510 0.034441 899403 1678517 4376
 87610 0.036143 980041 1744948 3984
 87710 0.036287 975584 1768311 3984
 87810 0.034804 901900 1745739 4508
 87910 0.035266 889911 1827031 3984
 88010 0.037778 852177 1714603 3984
 88110 0.035975 954551 1708922 3988
 88210 0.035432 908128 1753510 3988
 88310 0.034543 858621 1776570 3856
 88410 0.037805 953369 1784929 4116
 88510 0.036372 909623 1755520 4380
 88610 0.035927 948654 1739947 3988
 88710 0.035781 898417 1862164 3988
 88810 0.034784 895224 1717732 4512
 88910 0.035712 921429 1766531 3988
 89010 0.035303 900230 1788529 3988
 89110 0.034553 899208 1725295 3992
 89210 0.035657 922848 1768305 3992
 89310 0.038286 998207 1936934 3860
 89410 0.034594 845176 1834525 4120
 89510 0.037549 1025603 1792658 4384
 89610 0.045923 909155 1739791 3992
 89710 0.039537 1071566 1890884 3992
 89810 0.035127 910777 1742526 4516
 89910 0.035987 933891 1776950 3992
 90010 0.035522 909803 1761234 3992
 90110 0.035240 917318 1724330 3996
 90210 0.039138 959461 1813572 3996
 90310 0.036251 941031 1782379 3864
 90410 0.036866 976311 1825348 4124
 90510 0.038511 852340 1758642 4388
 90610 0.038843 1004895 1841615 3996
 90710 0.039834 1114016 1878837 3996
 90810 0.035514 909451 1781858 4520
 90910 0.037503 1010617 1806700 3996
 91010 0.036466 971030 1756025 3996
 91110 0.038487 1037234 1857978 4520
 91210 0.036672 973019 1841022 3996
 91310 0.036856 979310 1797344 4256
 91410 0.035430 903861 1762469 3996
 91510 0.041677 963648 1885639 3996
 91610 0.037820 997404 1843010 4520
 91710 0.040003 1096630 1937141 4000
 91810 0.037135 979671 1826361 4000
 91910 0.040186 995368 1849231 4524
 92010 0.035204 893514 1750435 4000
 92110 0.039521 985429 1919575 4000
 92210 0.037277 996918 1798364 4004
 92310 0.035985 929260 1748398 4004
 92410 0.038816 1041389 1910550 3872
 92510 0.036731 950080 1833397 4132
 92610 0.036120 909557 1849651 4396
 92710 0.036794 941184 1868796 4004
 92810 0.040884 1116596 1983475 4004
 92910 0.039413 1065276 1910796 4528
 93010 0.037804 946487 1839815 4004
 93110 0.038589 1008440 1941013 4004
 93210 0.036074 925484 1804142 4008
 93310 0.036518 909875 1890321 4008
 93410 0.042336 1006845 1853064 3876
 93510 0.038485 997179 1881163 4136
 93610 0.035892 888093 1870240 4400
 93710 0.036399 935042 1804883 4008
 93810 0.037979 985627 1903776 4008
 93910 0.039945 1063682 1945172 4532
 94010 0.039688 1073065 1915009 4008
 94110 0.037893 996833 1843957 4008
 94210 0.037822 946729 1891401 4012
 94310 0.037819 970019 1856116 4012
 94410 0.039682 1063745 1925461 3880
 94510 0.038846 1036347 1869877 4140
 94610 0.037204 939145 1852089 4404
 94710 0.038289 984740 1925535 4012
 94810 0.038139 977961 1918096 4012
 94910 0.037579 965334 1877495 4536
 95010 0.037133 938875 1819674 4012
 95110 0.038581 983935 1959868 4012
 95210 0.038061 952087 1980052 4536
 95310 0.041861 1061205 1914665 4012
 95410 0.041623 1078511 1949696 4272
 95510 0.038270 1027113 1899639 4012
 95610 0.053789 987494 1922732 4012
 95710 0.041090 1086265 1950891 4536
 95810 0.037701 926198 1869209 4016
 95910 0.038115 943286 1866693 4016
 96010 0.047742 1101685 2087906 4540
 96110 0.039338 1011957 1889271 4016
 96210 0.041061 1111558 1969815 4016
 96310 0.037876 985357 1839731 4020
 96410 0.037674 937650 1954218 4020
 96510 0.038386 978502 1909084 3888
 96610 0.038312 969338 1882002 4148
 96710 0.040383 1007906 1900285 4412
 96810 0.038233 969917 1904242 4020
 96910 0.038626 966286 2004740 4020
 97010 0.040089 1037522 2008971 4544
 97110 0.040511 1070508 1996397 4020
 97210 0.039260 1029698 1910969 4020
 97310 0.040075 1021037 2072252 4024
 97410 0.039982 1056397 2054045 4024
 97510 0.039148 1021744 2027001 3892
 97610 0.039742 1054327 1923869 4152
 97710 0.040833 1085756 2025478 4416
 97810 0.048757 1035167 1919937 4024
 97910 0.040023 1000830 2090645 4024
 98010 0.045664 1088604 2028882 4548
 98110 0.045662 1053035 1928882 4024
 98210 0.047260 1054521 1932673 4024
 98310 0.041341 970496 1875221 4028
 98410 0.042090 1084791 1972557 4028
 98510 0.038967 1007052 1950901 3896
 98610 0.039050 981390 2013810 4156
 98710 0.039265 1014822 1931240 4420
 98810 0.038731 984894 1948578 4028
 98910 0.041626 1114428 2012931 4028
 99010 0.040454 1036232 2030320 4552
 99110 0.046029 1012274 1947871 4028
 99210 0.043719 1100771 1999289 4028
 99310 0.041388 1078801 2062530 4552
 99410 0.041501 1087952 2078940 4028
 99510 0.042342 1161483 2033319 4288
 99610 0.039640 1035378 1941681 4028
 99710 0.041478 1097495 2060130 4288
 99810 0.039893 1023047 1963767 4552
 99910 0.039885 1009354 2040986 4032
