 10 0.000050 30 57 1712
 110 0.000036 550 595 1712
 210 0.000051 1050 1095 1712
 310 0.000068 1550 1595 1712
 410 0.000085 2050 2095 1712
 510 0.000197 2550 2595 1712
 610 0.000117 3050 3095 1712
 710 0.000144 3550 3595 1712
 810 0.000156 4050 4095 1712
 910 0.000165 4550 4595 1712
 1010 0.000214 6060 6114 1712
 1110 0.000266 6660 6714 1712
 1210 0.000258 7260 7314 1712
 1310 0.000295 7860 7914 1712
 1410 0.000300 8460 8514 1712
 1510 0.000339 9060 9114 1712
 1610 0.000333 9660 9714 1712
 1710 0.000372 10260 10314 1712
 1810 0.000358 10860 10914 1712
 1910 0.000412 11460 11514 1712
 2010 0.000408 12060 12114 1712
 2110 0.000427 12660 12714 1712
 2210 0.000473 13260 13314 1712
 2310 0.000468 13860 13914 1712
 2410 0.000489 14460 14514 1712
 2510 0.000497 15060 15114 1712
 2610 0.000590 15660 15714 1712
 2710 0.000688 16260 16314 1712
 2810 0.000725 16860 16914 1712
 2910 0.000662 17460 17514 1712
 3010 0.000853 18060 18114 1712
 3110 0.000673 18660 18714 1712
 3210 0.000676 19260 19314 1712
 3310 0.000704 19860 19914 1712
 3410 0.000706 20460 20514 1712
 3510 0.000720 21060 21114 1712
 3610 0.000781 21660 21714 1712
 3710 0.000768 22260 22314 1712
 3810 0.000778 22860 22914 1712
 3910 0.000785 23460 23514 1712
 4010 0.000854 24060 24114 1712
 4110 0.000837 24660 24714 1712
 4210 0.000897 25260 25314 1712
 4310 0.000922 25860 25914 3764
 4410 0.000954 26460 26514 3764
 4510 0.000916 27060 27114 3764
 4610 0.000965 27660 27714 3764
 4710 0.001021 28260 28314 3764
 4810 0.001085 28860 28914 3764
 4910 0.001416 29460 29514 3764
 5010 0.001063 30060 30114 3764
 5110 0.001263 30660 30714 3764
 5210 0.001377 31260 31314 3764
 5310 0.001046 31860 31914 3764
 5410 0.001066 32460 32514 3764
 5510 0.001118 33060 33114 3764
 5610 0.001312 33660 33714 3764
 5710 0.001164 34260 34314 3764
 5810 0.001236 34860 34914 3764
 5910 0.001167 35460 35514 3764
 6010 0.001255 36060 36114 3764
 6110 0.001283 36660 36714 3764
 6210 0.001322 37260 37314 3764
 6310 0.001517 37860 37914 3764
 6410 0.001279 38460 38514 3764
 6510 0.001488 39060 39114 3764
 6610 0.001401 39660 39714 3764
 6710 0.001395 40260 40314 3764
 6810 0.001364 40860 40914 3764
 6910 0.001412 41460 41514 3764
 7010 0.001573 42060 42114 3764
 7110 0.001751 42660 42714 3764
 7210 0.001453 43260 43314 3764
 7310 0.001547 43860 43914 3764
 7410 0.001460 44460 44514 3764
 7510 0.001558 45060 45114 3764
 7610 0.001811 45660 45714 3764
 7710 0.002001 46260 46314 3764
 7810 0.001515 46860 46914 3764
 7910 0.001598 47460 47514 3764
 8010 0.001550 48060 48114 3764
 8110 0.001573 48660 48714 3764
 8210 0.001655 49260 49314 3764
 8310 0.001628 49860 49914 3764
 8410 0.001632 50460 50514 3764
 8510 0.001702 51060 51114 3764
 8610 0.001688 51660 51714 3764
 8710 0.002080 52260 52314 3764
 8810 0.001996 52860 52914 3764
 8910 0.002153 53460 53514 3764
 9010 0.001824 54060 54114 3764
 9110 0.001881 54660 54714 3764
 9210 0.001872 55260 55314 3764
 9310 0.001858 55860 55914 3764
 9410 0.001901 56460 56514 3764
 9510 0.001891 57060 57114 3764
 9610 0.001925 57660 57714 3764
 9710 0.001929 58260 58314 3764
 9810 0.001938 58860 58914 3764
 9910 0.001968 59460 59514 3764
 10010 0.002241 70070 70133 3764
 10110 0.002545 70770 70833 3764
 10210 0.002401 71470 71533 3764
 10310 0.002407 72170 72233 3764
 10410 0.002377 72870 72933 3764
 10510 0.002498 73570 73633 3764
 10610 0.002545 74270 74333 3764
 10710 0.002614 74970 75033 3764
 10810 0.002508 75670 75733 3764
 10910 0.002524 76370 76433 3764
 11010 0.002602 77070 77133 3764
 11110 0.002541 77770 77833 3764
 11210 0.002637 78470 78533 3764
 11310 0.002840 79170 79233 3764
 11410 0.002715 79870 79933 3764
 11510 0.002677 80570 80633 3764
 11610 0.002682 81270 81333 3764
 11710 0.002614 81970 82033 3764
 11810 0.002651 82670 82733 3764
 11910 0.002701 83370 83433 3764
 12010 0.002705 84070 84133 3764
 12110 0.002684 84770 84833 3764
 12210 0.002755 85470 85533 3764
 12310 0.002963 86170 86233 3764
 12410 0.002792 86870 86933 3764
 12510 0.002903 87570 87633 3764
 12610 0.002966 88270 88333 3764
 12710 0.003314 88970 89033 3764
 12810 0.003173 89670 89733 3764
 12910 0.003023 90370 90433 3868
 13010 0.003126 91070 91133 3868
 13110 0.003212 91770 91833 3868
 13210 0.003245 92470 92533 3868
 13310 0.003620 93170 93233 3868
 13410 0.003298 93870 93933 3868
 13510 0.003118 94570 94633 3868
 13610 0.003253 95270 95333 3868
 13710 0.003167 95970 96033 3868
 13810 0.003536 96670 96733 3868
 13910 0.003350 97370 97433 3868
 14010 0.003676 98070 98133 3868
 14110 0.003840 98770 98833 3868
 14210 0.003260 99470 99533 3868
 14310 0.003459 100170 100233 3868
 14410 0.003675 100870 100933 3868
 14510 0.003482 101570 101633 3868
 14610 0.003551 102270 102333 3868
 14710 0.003611 102970 103033 3868
 14810 0.006054 103670 103733 3868
 14910 0.004997 104370 104433 3868
 15010 0.003479 105070 105133 3868
 15110 0.004418 105770 105833 3868
 15210 0.003585 106470 106533 3868
 15310 0.003465 107170 107233 3868
 15410 0.003441 107870 107933 3868
 15510 0.003617 108570 108633 3868
 15610 0.003641 109270 109333 3868
 15710 0.003563 109970 110033 3900
 15810 0.003597 110670 110733 3900
 15910 0.003793 111370 111433 3900
 16010 0.003610 112070 112133 3900
 16110 0.003633 112770 112833 3900
 16210 0.003655 113470 113533 3900
 16310 0.005101 114170 114233 3900
 16410 0.008147 114870 114933 3900
 16510 0.004104 115570 115633 3900
 16610 0.007846 116270 116333 3912
 16710 0.003760 116970 117033 3912
 16810 0.006059 117670 117733 3912
 16910 0.004241 118370 118433 3916
 17010 0.005301 119070 119133 3916
 17110 0.003921 119770 119833 3912
 17210 0.003905 120470 120533 3920
 17310 0.003860 121170 121233 3920
 17410 0.003901 121870 121933 3912
 17510 0.004122 122570 122633 3924
 17610 0.003937 123270 123333 3924
 17710 0.003965 123970 124033 3916
 17810 0.003984 124670 124733 3924
 17910 0.004335 125370 125433 3924
 18010 0.004068 126070 126133 3916
 18110 0.004062 126770 126833 3928
 18210 0.004341 127470 127533 3928
 18310 0.004103 128170 128233 3916
 18410 0.004202 128870 128933 3932
 18510 0.004183 129570 129633 3932
 18610 0.004169 130270 130333 3920
 18710 0.004208 130970 131033 3936
 18810 0.004283 131670 131733 3936
 18910 0.004487 132370 132433 3920
 19010 0.004372 133070 133133 3940
 19110 0.004272 133770 133833 3940
 19210 0.004292 134470 134533 3920
 19310 0.004342 135170 135233 3944
 19410 0.004305 135870 135933 3944
 19510 0.004717 136570 136633 3920
 19610 0.005774 137270 137333 3948
 19710 0.006050 137970 138033 3948
 19810 0.004902 138670 138733 3924
 19910 0.004738 139370 139433 3952
 20010 0.004503 140070 140133 3952
 20110 0.004831 140770 140833 3924
 20210 0.004836 141470 141533 3952
 20310 0.004576 142170 142233 3952
 20410 0.004921 142870 142933 3924
 20510 0.005585 143570 143633 3956
 20610 0.005039 144270 144333 3956
 20710 0.004888 144970 145033 3928
 20810 0.004691 145670 145733 3960
 20910 0.004784 146370 146433 3960
 21010 0.004697 147070 147133 3928
 21110 0.005214 147770 147833 3964
 21210 0.008174 148470 148533 3964
 21310 0.005266 149170 149233 3928
 21410 0.006855 149870 149933 3968
 21510 0.007004 150570 150633 3968
 21610 0.005279 151270 151333 3928
 21710 0.005870 151970 152033 3972
 21810 0.006388 152670 152733 3972
 21910 0.006065 153370 153433 3932
 22010 0.006091 154070 154133 3976
 22110 0.005259 154770 154833 3976
 22210 0.007026 155470 155533 3932
 22310 0.008205 156170 156233 3980
 22410 0.006699 156870 156933 3980
 22510 0.005025 157570 157633 3932
 22610 0.004956 158270 158333 3980
 22710 0.005193 158970 159033 3980
 22810 0.006231 159670 159733 3936
 22910 0.007188 160370 160433 3984
 23010 0.006514 161070 161133 3984
 23110 0.008153 161770 161833 3936
 23210 0.005471 162470 162533 3988
 23310 0.005487 163170 163233 3988
 23410 0.006334 163870 163933 3936
 23510 0.006791 164570 164633 3992
 23610 0.006249 165270 165333 3992
 23710 0.005293 165970 166033 3936
 23810 0.005396 166670 166733 3996
 23910 0.005425 167370 167433 3996
 24010 0.005513 168070 168133 3940
 24110 0.005609 168770 168833 4000
 24210 0.005424 169470 169533 4000
 24310 0.010158 170170 170233 3940
 24410 0.006633 170870 170933 4004
 24510 0.005506 171570 171633 4004
 24610 0.005499 172270 172333 3940
 24710 0.005589 172970 173033 4008
 24810 0.005498 173670 173733 4008
 24910 0.005706 174370 174433 3944
 25010 0.005771 175070 175133 4012
 25110 0.005582 175770 175833 4012
 25210 0.005619 176470 176533 3944
 25310 0.005684 177170 177233 4012
 25410 0.005871 177870 177933 4012
 25510 0.005775 178570 178633 3944
 25610 0.007049 179270 179333 4016
 25710 0.007222 179970 180033 4016
 25810 0.006698 180670 180733 3948
 25910 0.007035 181370 181433 4020
 26010 0.007077 182070 182133 4020
 26110 0.006828 182770 182833 3948
 26210 0.007401 183470 183533 4024
 26310 0.006696 184170 184233 4024
 26410 0.007489 184870 184933 3948
 26510 0.006983 185570 185633 4028
 26610 0.008203 186270 186333 4028
 26710 0.007120 186970 187033 3948
 26810 0.007373 187670 187733 4032
 26910 0.007756 188370 188433 4032
 27010 0.007250 189070 189133 3952
 27110 0.007067 189770 189833 4036
 27210 0.006808 190470 190533 4036
 27310 0.007876 191170 191233 3952
 27410 0.007692 191870 191933 4040
 27510 0.006937 192570 192633 4040
 27610 0.006715 193270 193333 3952
 27710 0.007332 193970 194033 4040
 27810 0.008926 194670 194733 4040
 27910 0.007128 195370 195433 3956
 28010 0.006814 196070 196133 4044
 28110 0.007951 196770 196833 4044
 28210 0.006709 197470 197533 3956
 28310 0.009122 198170 198233 4048
 28410 0.006952 198870 198933 4048
 28510 0.007014 199570 199633 3956
 28610 0.007783 200270 200333 4052
 28710 0.006831 200970 201033 4052
 28810 0.007518 201670 201733 3956
 28910 0.007565 202370 202433 4056
 29010 0.008008 203070 203133 4056
 29110 0.008441 203770 203833 3960
 29210 0.007296 204470 204533 4060
 29310 0.007467 205170 205233 4060
 29410 0.007456 205870 205933 3960
 29510 0.007301 206570 206633 4064
 29610 0.008413 207270 207333 4064
 29710 0.010077 207970 208033 3960
 29810 0.010192 208670 208733 4068
 29910 0.008410 209370 209433 4068
 30010 0.008549 210070 210133 3964
 30110 0.006869 210770 210833 4068
 30210 0.006772 211470 211533 4068
 30310 0.006805 212170 212233 3964
 30410 0.006896 212870 212933 4072
 30510 0.007017 213570 213633 4072
 30610 0.007534 214270 214333 3964
 30710 0.007548 214970 215033 4076
 30810 0.007865 215670 215733 4076
 30910 0.008117 216370 216433 3968
 31010 0.007025 217070 217133 4080
 31110 0.006966 217770 217833 4080
 31210 0.007228 218470 218533 3968
 31310 0.007150 219170 219233 4084
 31410 0.006949 219870 219933 4084
 31510 0.007113 220570 220633 3968
 31610 0.007264 221270 221333 4088
 31710 0.007377 221970 222033 4088
 31810 0.007217 222670 222733 3968
 31910 0.007515 223370 223433 4092
 32010 0.008928 224070 224133 4092
 32110 0.008813 224770 224833 3972
 32210 0.007424 225470 225533 4096
 32310 0.007652 226170 226233 4096
 32410 0.007328 226870 226933 3972
 32510 0.007522 227570 227633 4096
 32610 0.007438 228270 228333 4096
 32710 0.008206 228970 229033 3972
 32810 0.007643 229670 229733 3972
 32910 0.007935 230370 230433 3972
 33010 0.007777 231070 231133 3976
 33110 0.009891 231770 231833 3976
 33210 0.008840 232470 232533 3976
 33310 0.007841 233170 233233 3976
 33410 0.008632 233870 233933 3976
 33510 0.007815 234570 234633 3976
 33610 0.008465 235270 235333 3976
 33710 0.009338 235970 236033 3976
 33810 0.008057 236670 236733 3976
 33910 0.008340 237370 237433 3976
 34010 0.008505 238070 238133 3976
 34110 0.008695 238770 238833 3976
 34210 0.008623 239470 239533 3980
 34310 0.008261 240170 240233 3980
 34410 0.009897 240870 240933 3980
 34510 0.008504 241570 241633 3980
 34610 0.008674 242270 242333 3980
 34710 0.009615 242970 243033 3980
 34810 0.008618 243670 243733 3980
 34910 0.009869 244370 244433 3988
 35010 0.008412 245070 245133 3988
 35110 0.008282 245770 245833 3984
 35210 0.007993 246470 246533 3984
 35310 0.008529 247170 247233 3984
 35410 0.008433 247870 247933 3984
 35510 0.008183 248570 248633 3984
 35610 0.008138 249270 249333 3984
 35710 0.009163 249970 250033 3984
 35810 0.009103 250670 250733 3984
 35910 0.008199 251370 251433 3984
 36010 0.008432 252070 252133 3988
 36110 0.008595 252770 252833 3988
 36210 0.008211 253470 253533 3988
 36310 0.008517 254170 254233 3988
 36410 0.008051 254870 254933 3988
 36510 0.008840 255570 255633 3988
 36610 0.009123 256270 256333 3988
 36710 0.010017 256970 257033 3988
 36810 0.008472 257670 257733 3988
 36910 0.008997 258370 258433 3988
 37010 0.009017 259070 259133 3988
 37110 0.009305 259770 259833 3988
 37210 0.008586 260470 260533 3992
 37310 0.008799 261170 261233 3992
 37410 0.008856 261870 261933 3992
 37510 0.008899 262570 262633 3992
 37610 0.009139 263270 263333 3992
 37710 0.008933 263970 264033 3992
 37810 0.009458 264670 264733 3992
 37910 0.009388 265370 265433 4012
 38010 0.008827 266070 266133 4012
 38110 0.008887 266770 266833 3996
 38210 0.008821 267470 267533 3996
 38310 0.008988 268170 268233 3996
 38410 0.009005 268870 268933 3996
 38510 0.008931 269570 269633 3996
 38610 0.008846 270270 270333 3996
 38710 0.010318 270970 271033 3996
 38810 0.008744 271670 271733 3996
 38910 0.009007 272370 272433 3996
 39010 0.008892 273070 273133 3996
 39110 0.008788 273770 273833 3996
 39210 0.009337 274470 274533 3996
 39310 0.009724 275170 275233 4000
 39410 0.009396 275870 275933 4000
 39510 0.010669 276570 276633 4000
 39610 0.009306 277270 277333 4000
 39710 0.009151 277970 278033 4000
 39810 0.008970 278670 278733 4000
 39910 0.009216 279370 279433 4000
 40010 0.008954 280070 280133 4028
 40110 0.009329 280770 280833 4028
 40210 0.009356 281470 281533 4004
 40310 0.009169 282170 282233 4004
 40410 0.010084 282870 282933 4004
 40510 0.009704 283570 283633 4004
 40610 0.009335 284270 284333 4004
 40710 0.009567 284970 285033 4004
 40810 0.010540 285670 285733 4004
 40910 0.011685 286370 286433 4004
 41010 0.009898 287070 287133 4004
 41110 0.010651 287770 287833 4004
 41210 0.009551 288470 288533 4004
 41310 0.009549 289170 289233 4004
 41410 0.011783 289870 289933 4008
 41510 0.010359 290570 290633 4008
 41610 0.010559 291270 291333 4008
 41710 0.009714 291970 292033 4008
 41810 0.010094 292670 292733 4008
 41910 0.009660 293370 293433 4008
 42010 0.010211 294070 294133 4008
 42110 0.010703 294770 294833 4008
 42210 0.011174 295470 295533 4008
 42310 0.010260 296170 296233 4012
 42410 0.010088 296870 296933 4012
 42510 0.009748 297570 297633 4012
 42610 0.010132 298270 298333 4012
 42710 0.012065 298970 299033 4012
 42810 0.010474 299670 299733 4012
 42910 0.010620 300370 300433 4012
 43010 0.010586 301070 301133 4052
 43110 0.009990 301770 301833 4052
 43210 0.012119 302470 302533 4016
 43310 0.009846 303170 303233 4016
 43410 0.009534 303870 303933 4016
 43510 0.009945 304570 304633 4016
 43610 0.009971 305270 305333 4016
 43710 0.010061 305970 306033 4016
 43810 0.010032 306670 306733 4016
 43910 0.010007 307370 307433 4016
 44010 0.010146 308070 308133 4016
 44110 0.009915 308770 308833 4016
 44210 0.009909 309470 309533 4016
 44310 0.010879 310170 310233 4016
 44410 0.013100 310870 310933 4020
 44510 0.010541 311570 311633 4020
 44610 0.010691 312270 312333 4020
 44710 0.011125 312970 313033 4020
 44810 0.011205 313670 313733 4020
 44910 0.010379 314370 314433 4020
 45010 0.010330 315070 315133 4020
 45110 0.011498 315770 315833 4068
 45210 0.010516 316470 316533 4068
 45310 0.010612 317170 317233 4024
 45410 0.010684 317870 317933 4024
 45510 0.013607 318570 318633 4024
 45610 0.010675 319270 319333 4024
 45710 0.010849 319970 320033 4024
 45810 0.011135 320670 320733 4024
 45910 0.011506 321370 321433 4024
 46010 0.012173 322070 322133 4024
 46110 0.010774 322770 322833 4024
 46210 0.010491 323470 323533 4024
 46310 0.010568 324170 324233 4024
 46410 0.011008 324870 324933 4024
 46510 0.011343 325570 325633 4028
 46610 0.010953 326270 326333 4028
 46710 0.010716 326970 327033 4028
 46810 0.011299 327670 327733 4028
 46910 0.011161 328370 328433 4028
 47010 0.010712 329070 329133 4028
 47110 0.010851 329770 329833 4028
 47210 0.010904 330470 330533 4028
 47310 0.011623 331170 331233 4028
 47410 0.011313 331870 331933 4032
 47510 0.010743 332570 332633 4032
 47610 0.011135 333270 333333 4032
 47710 0.011123 333970 334033 4032
 47810 0.010954 334670 334733 4032
 47910 0.011618 335370 335433 4032
 48010 0.011714 336070 336133 4032
 48110 0.011341 336770 336833 4032
 48210 0.012070 337470 337533 4032
 48310 0.014411 338170 338233 4036
 48410 0.011391 338870 338933 4036
 48510 0.011895 339570 339633 4036
 48610 0.016709 340270 340333 4036
 48710 0.011693 340970 341033 4036
 48810 0.012108 341670 341733 4036
 48910 0.011763 342370 342433 4036
 49010 0.011042 343070 343133 4036
 49110 0.023724 343770 343833 4036
 49210 0.011919 344470 344533 4036
 49310 0.013926 345170 345233 4036
 49410 0.015099 345870 345933 4036
 49510 0.017268 346570 346633 4040
 49610 0.012662 347270 347333 4040
 49710 0.014508 347970 348033 4040
 49810 0.014237 348670 348733 4040
 49910 0.012428 349370 349433 4040
 50010 0.013301 350070 350133 4300
 50110 0.012392 350770 350833 4040
 50210 0.012843 351470 351533 4108
 50310 0.011617 352170 352233 4108
 50410 0.011700 352870 352933 4044
 50510 0.011585 353570 353633 4304
 50610 0.011364 354270 354333 4304
 50710 0.011529 354970 355033 4044
 50810 0.013531 355670 355733 4304
 50910 0.011979 356370 356433 4304
 51010 0.012799 357070 357133 4044
 51110 0.013323 357770 357833 4304
 51210 0.011807 358470 358533 4304
 51310 0.011881 359170 359233 4044
 51410 0.012018 359870 359933 4304
 51510 0.012384 360570 360633 4304
 51610 0.011799 361270 361333 4048
 51710 0.012086 361970 362033 4308
 51810 0.011663 362670 362733 4308
 51910 0.014197 363370 363433 4048
 52010 0.011925 364070 364133 4308
 52110 0.012647 364770 364833 4308
 52210 0.013057 365470 365533 4048
 52310 0.012072 366170 366233 4124
 52410 0.012493 366870 366933 4124
 52510 0.012066 367570 367633 4052
 52610 0.012279 368270 368333 4312
 52710 0.012271 368970 369033 4312
 52810 0.012724 369670 369733 4052
 52910 0.012489 370370 370433 4312
 53010 0.012805 371070 371133 4312
 53110 0.013479 371770 371833 4052
 53210 0.012449 372470 372533 4312
 53310 0.012211 373170 373233 4312
 53410 0.011674 373870 373933 4056
 53510 0.012634 374570 374633 4316
 53610 0.012557 375270 375333 4316
 53710 0.012942 375970 376033 4056
 53810 0.012994 376670 376733 4316
 53910 0.012158 377370 377433 4316
 54010 0.012780 378070 378133 4056
 54110 0.012290 378770 378833 4316
 54210 0.013371 379470 379533 4316
 54310 0.012635 380170 380233 4056
 54410 0.012521 380870 380933 4316
 54510 0.012098 381570 381633 4316
 54610 0.012604 382270 382333 4060
 54710 0.013660 382970 383033 4320
 54810 0.015072 383670 383733 4320
 54910 0.014963 384370 384433 4060
 55010 0.012899 385070 385133 4320
 55110 0.012613 385770 385833 4320
 55210 0.012936 386470 386533 4060
 55310 0.013227 387170 387233 4148
 55410 0.015551 387870 387933 4148
 55510 0.012718 388570 388633 4064
 55610 0.015604 389270 389333 4324
 55710 0.012832 389970 390033 4324
 55810 0.012899 390670 390733 4064
 55910 0.013300 391370 391433 4324
 56010 0.013205 392070 392133 4324
 56110 0.013345 392770 392833 4064
 56210 0.013132 393470 393533 4324
 56310 0.014021 394170 394233 4324
 56410 0.013110 394870 394933 4064
 56510 0.012723 395570 395633 4324
 56610 0.013111 396270 396333 4324
 56710 0.012990 396970 397033 4068
 56810 0.014389 397670 397733 4328
 56910 0.012772 398370 398433 4328
 57010 0.014756 399070 399133 4068
 57110 0.014973 399770 399833 4328
 57210 0.015211 400470 400533 4328
 57310 0.013842 401170 401233 4068
 57410 0.013652 401870 401933 4164
 57510 0.013446 402570 402633 4164
 57610 0.014363 403270 403333 4072
 57710 0.015240 403970 404033 4332
 57810 0.015015 404670 404733 4332
 57910 0.013624 405370 405433 4072
 58010 0.013503 406070 406133 4332
 58110 0.013036 406770 406833 4332
 58210 0.013812 407470 407533 4072
 58310 0.013784 408170 408233 4332
 58410 0.014199 408870 408933 4332
 58510 0.015982 409570 409633 4072
 58610 0.014646 410270 410333 4332
 58710 0.013576 410970 411033 4332
 58810 0.016822 411670 411733 4076
 58910 0.013314 412370 412433 4336
 59010 0.013333 413070 413133 4336
 59110 0.013670 413770 413833 4076
 59210 0.014196 414470 414533 4336
 59310 0.014541 415170 415233 4336
 59410 0.015263 415870 415933 4076
 59510 0.014181 416570 416633 4336
 59610 0.013270 417270 417333 4336
 59710 0.014199 417970 418033 4080
 59810 0.013811 418670 418733 4340
 59910 0.013325 419370 419433 4340
 60010 0.013636 420070 420133 4080
 60110 0.014022 420770 420833 4340
 60210 0.014271 421470 421533 4340
 60310 0.013585 422170 422233 4080
 60410 0.017341 422870 422933 4340
 60510 0.013664 423570 423633 4340
 60610 0.022739 424270 424333 4084
 60710 0.013668 424970 425033 4344
 60810 0.013785 425670 425733 4344
 60910 0.013836 426370 426433 4084
 61010 0.014715 427070 427133 4344
 61110 0.014801 427770 427833 4344
 61210 0.014864 428470 428533 4084
 61310 0.013938 429170 429233 4344
 61410 0.013836 429870 429933 4344
 61510 0.014393 430570 430633 4084
 61610 0.017426 431270 431333 4344
 61710 0.014031 431970 432033 4344
 61810 0.014209 432670 432733 4088
 61910 0.014280 433370 433433 4348
 62010 0.014129 434070 434133 4348
 62110 0.014094 434770 434833 4088
 62210 0.014213 435470 435533 4348
 62310 0.014368 436170 436233 4348
 62410 0.014171 436870 436933 4088
 62510 0.014527 437570 437633 4204
 62610 0.014313 438270 438333 4204
 62710 0.017071 438970 439033 4092
 62810 0.014142 439670 439733 4352
 62910 0.014886 440370 440433 4352
 63010 0.015420 441070 441133 4092
 63110 0.014327 441770 441833 4352
 63210 0.014412 442470 442533 4352
 63310 0.014667 443170 443233 4092
 63410 0.014240 443870 443933 4352
 63510 0.014654 444570 444633 4352
 63610 0.014464 445270 445333 4092
 63710 0.014447 445970 446033 4352
 63810 0.014425 446670 446733 4352
 63910 0.014498 447370 447433 4096
 64010 0.014387 448070 448133 4356
 64110 0.014694 448770 448833 4356
 64210 0.014409 449470 449533 4096
 64310 0.014581 450170 450233 4356
 64410 0.014385 450870 450933 4356
 64510 0.015021 451570 451633 4096
 64610 0.014672 452270 452333 4356
 64710 0.014568 452970 453033 4356
 64810 0.014621 453670 453733 4100
 64910 0.014970 454370 454433 4360
 65010 0.014563 455070 455133 4360
 65110 0.015130 455770 455833 4100
 65210 0.014921 456470 456533 4360
 65310 0.015884 457170 457233 4360
 65410 0.016033 457870 457933 4100
 65510 0.015401 458570 458633 4360
 65610 0.014837 459270 459333 4360
 65710 0.015663 459970 460033 4104
 65810 0.017069 460670 460733 4364
 65910 0.015105 461370 461433 4364
 66010 0.015214 462070 462133 4104
 66110 0.017828 462770 462833 4364
 66210 0.015705 463470 463533 4364
 66310 0.015799 464170 464233 4104
 66410 0.016657 464870 464933 4364
 66510 0.015827 465570 465633 4364
 66610 0.015605 466270 466333 4104
 66710 0.016581 466970 467033 4364
 66810 0.016235 467670 467733 4364
 66910 0.015767 468370 468433 4108
 67010 0.015315 469070 469133 4368
 67110 0.016128 469770 469833 4368
 67210 0.015854 470470 470533 4108
 67310 0.015274 471170 471233 4368
 67410 0.016002 471870 471933 4368
 67510 0.015438 472570 472633 4108
 67610 0.015254 473270 473333 4504
 67710 0.015231 473970 474033 4504
 67810 0.015455 474670 474733 4112
 67910 0.015597 475370 475433 4372
 68010 0.015426 476070 476133 4372
 68110 0.015816 476770 476833 4112
 68210 0.015749 477470 477533 4372
 68310 0.015451 478170 478233 4372
 68410 0.016400 478870 478933 4112
 68510 0.015247 479570 479633 4372
 68610 0.015968 480270 480333 4372
 68710 0.015975 480970 481033 4112
 68810 0.015427 481670 481733 4372
 68910 0.015703 482370 482433 4372
 69010 0.015751 483070 483133 4116
 69110 0.015718 483770 483833 4376
 69210 0.015500 484470 484533 4376
 69310 0.016270 485170 485233 4116
 69410 0.015478 485870 485933 4376
 69510 0.015611 486570 486633 4376
 69610 0.015947 487270 487333 4116
 69710 0.015530 487970 488033 4520
 69810 0.015691 488670 488733 4520
 69910 0.015999 489370 489433 4120
 70010 0.015871 490070 490133 4380
 70110 0.015567 490770 490833 4380
 70210 0.016038 491470 491533 4120
 70310 0.015645 492170 492233 4380
 70410 0.015889 492870 492933 4380
 70510 0.016277 493570 493633 4120
 70610 0.015786 494270 494333 4380
 70710 0.015907 494970 495033 4380
 70810 0.015896 495670 495733 4120
 70910 0.016479 496370 496433 4380
 71010 0.015471 497070 497133 4380
 71110 0.016089 497770 497833 4124
 71210 0.015839 498470 498533 4384
 71310 0.015985 499170 499233 4384
 71410 0.016185 499870 499933 4124
 71510 0.017447 500570 500633 4384
 71610 0.016031 501270 501333 4384
 71710 0.016149 501970 502033 4124
 71810 0.016325 502670 502733 4384
 71910 0.016314 503370 503433 4384
 72010 0.016706 504070 504133 4128
 72110 0.016286 504770 504833 4388
 72210 0.016147 505470 505533 4388
 72310 0.016282 506170 506233 4128
 72410 0.016439 506870 506933 4388
 72510 0.016414 507570 507633 4388
 72610 0.016296 508270 508333 4128
 72710 0.017391 508970 509033 4544
 72810 0.016719 509670 509733 4544
 72910 0.016986 510370 510433 4132
 73010 0.017065 511070 511133 4392
 73110 0.016732 511770 511833 4392
 73210 0.016651 512470 512533 4132
 73310 0.016674 513170 513233 4392
 73410 0.016648 513870 513933 4392
 73510 0.016926 514570 514633 4132
 73610 0.016432 515270 515333 4392
 73710 0.018913 515970 516033 4392
 73810 0.016918 516670 516733 4132
 73910 0.016516 517370 517433 4392
 74010 0.016572 518070 518133 4392
 74110 0.016721 518770 518833 4136
 74210 0.016752 519470 519533 4396
 74310 0.016601 520170 520233 4396
 74410 0.017059 520870 520933 4136
 74510 0.016871 521570 521633 4396
 74610 0.016556 522270 522333 4396
 74710 0.017685 522970 523033 4136
 74810 0.018210 523670 523733 4560
 74910 0.017341 524370 524433 4560
 75010 0.017394 525070 525133 4140
 75110 0.017120 525770 525833 4400
 75210 0.017353 526470 526533 4400
 75310 0.017264 527170 527233 4140
 75410 0.017075 527870 527933 4400
 75510 0.017421 528570 528633 4400
 75610 0.017117 529270 529333 4140
 75710 0.017344 529970 530033 4400
 75810 0.016963 530670 530733 4400
 75910 0.017446 531370 531433 4140
 76010 0.017651 532070 532133 4400
 76110 0.017308 532770 532833 4400
 76210 0.017051 533470 533533 4144
 76310 0.017368 534170 534233 4404
 76410 0.016986 534870 534933 4404
 76510 0.017988 535570 535633 4144
 76610 0.017282 536270 536333 4404
 76710 0.022657 536970 537033 4404
 76810 0.017524 537670 537733 4144
 76910 0.017154 538370 538433 4404
 77010 0.017288 539070 539133 4404
 77110 0.017943 539770 539833 4148
 77210 0.017157 540470 540533 4408
 77310 0.017236 541170 541233 4408
 77410 0.017363 541870 541933 4148
 77510 0.018120 542570 542633 4408
 77610 0.017511 543270 543333 4408
 77710 0.019315 543970 544033 4148
 77810 0.021338 544670 544733 4408
 77910 0.018108 545370 545433 4408
 78010 0.017757 546070 546133 4152
 78110 0.017947 546770 546833 4412
 78210 0.017495 547470 547533 4412
 78310 0.017491 548170 548233 4152
 78410 0.017636 548870 548933 4412
 78510 0.017310 549570 549633 4412
 78610 0.020693 550270 550333 4152
 78710 0.017880 550970 551033 4412
 78810 0.017409 551670 551733 4412
 78910 0.017915 552370 552433 4152
 79010 0.017745 553070 553133 4412
 79110 0.017581 553770 553833 4412
 79210 0.018042 554470 554533 4156
 79310 0.017661 555170 555233 4416
 79410 0.018289 555870 555933 4416
 79510 0.018270 556570 556633 4156
 79610 0.020671 557270 557333 4416
 79710 0.017914 557970 558033 4416
 79810 0.031907 558670 558733 4156
 79910 0.018245 559370 559433 4600
 80010 0.017935 560070 560133 4600
 80110 0.018291 560770 560833 4160
 80210 0.018834 561470 561533 4420
 80310 0.018592 562170 562233 4420
 80410 0.019322 562870 562933 4160
 80510 0.020483 563570 563633 4420
 80610 0.018013 564270 564333 4420
 80710 0.019600 564970 565033 4160
 80810 0.018419 565670 565733 4420
 80910 0.017921 566370 566433 4420
 81010 0.018592 567070 567133 4160
 81110 0.018418 567770 567833 4420
 81210 0.018239 568470 568533 4420
 81310 0.018423 569170 569233 4164
 81410 0.018233 569870 569933 4424
 81510 0.018024 570570 570633 4424
 81610 0.021514 571270 571333 4164
 81710 0.018517 571970 572033 4424
 81810 0.018201 572670 572733 4424
 81910 0.019969 573370 573433 4164
 82010 0.018836 574070 574133 4616
 82110 0.021858 574770 574833 4616
 82210 0.018541 575470 575533 4168
 82310 0.018159 576170 576233 4428
 82410 0.018264 576870 576933 4428
 82510 0.018919 577570 577633 4168
 82610 0.018822 578270 578333 4428
 82710 0.019342 578970 579033 4428
 82810 0.018941 579670 579733 4168
 82910 0.018609 580370 580433 4428
 83010 0.018492 581070 581133 4428
 83110 0.018960 581770 581833 4172
 83210 0.018810 582470 582533 4432
 83310 0.019249 583170 583233 4432
 83410 0.019034 583870 583933 4172
 83510 0.023352 584570 584633 4432
 83610 0.018487 585270 585333 4432
 83710 0.019127 585970 586033 4172
 83810 0.018930 586670 586733 4696
 83910 0.018635 587370 587433 4696
 84010 0.020658 588070 588133 4172
 84110 0.018974 588770 588833 4696
 84210 0.018630 589470 589533 4696
 84310 0.019085 590170 590233 4176
 84410 0.018917 590870 590933 4700
 84510 0.018679 591570 591633 4700
 84610 0.019652 592270 592333 4176
 84710 0.019107 592970 593033 4700
 84810 0.018772 593670 593733 4700
 84910 0.019125 594370 594433 4176
 85010 0.019378 595070 595133 4640
 85110 0.018798 595770 595833 4640
 85210 0.019285 596470 596533 4180
 85310 0.019467 597170 597233 4704
 85410 0.018991 597870 597933 4704
 85510 0.020966 598570 598633 4180
 85610 0.019365 599270 599333 4704
 85710 0.018980 599970 600033 4704
 85810 0.019491 600670 600733 4180
 85910 0.020453 601370 601433 4704
 86010 0.023147 602070 602133 4704
 86110 0.019747 602770 602833 4180
 86210 0.020898 603470 603533 4704
 86310 0.019295 604170 604233 4704
 86410 0.028756 604870 604933 4184
 86510 0.019334 605570 605633 4708
 86610 0.019826 606270 606333 4708
 86710 0.019759 606970 607033 4184
 86810 0.019460 607670 607733 4708
 86910 0.019858 608370 608433 4708
 87010 0.020291 609070 609133 4184
 87110 0.019985 609770 609833 4656
 87210 0.019659 610470 610533 4656
 87310 0.019893 611170 611233 4188
 87410 0.019576 611870 611933 4712
 87510 0.019510 612570 612633 4712
 87610 0.019851 613270 613333 4188
 87710 0.019786 613970 614033 4712
 87810 0.019825 614670 614733 4712
 87910 0.019861 615370 615433 4188
 88010 0.019654 616070 616133 4712
 88110 0.019611 616770 616833 4712
 88210 0.020013 617470 617533 4188
 88310 0.019968 618170 618233 4712
 88410 0.020079 618870 618933 4712
 88510 0.020070 619570 619633 4192
 88610 0.020524 620270 620333 4716
 88710 0.019860 620970 621033 4716
 88810 0.023709 621670 621733 4192
 88910 0.020030 622370 622433 4716
 89010 0.020235 623070 623133 4716
 89110 0.020071 623770 623833 4192
 89210 0.024589 624470 624533 4716
 89310 0.021193 625170 625233 4716
 89410 0.020521 625870 625933 4196
 89510 0.020188 626570 626633 4720
 89610 0.020100 627270 627333 4720
 89710 0.020266 627970 628033 4196
 89810 0.020499 628670 628733 4720
 89910 0.019902 629370 629433 4720
 90010 0.020349 630070 630133 4196
 90110 0.021204 630770 630833 4680
 90210 0.023180 631470 631533 4680
 90310 0.020384 632170 632233 4200
 90410 0.020519 632870 632933 4724
 90510 0.020033 633570 633633 4724
 90610 0.020505 634270 634333 4200
 90710 0.023061 634970 635033 4724
 90810 0.021262 635670 635733 4724
 90910 0.020563 636370 636433 4200
 91010 0.020489 637070 637133 4724
 91110 0.020424 637770 637833 4724
 91210 0.021179 638470 638533 4200
 91310 0.020374 639170 639233 4724
 91410 0.021156 639870 639933 4724
 91510 0.025194 640570 640633 4204
 91610 0.020787 641270 641333 4728
 91710 0.020535 641970 642033 4728
 91810 0.026202 642670 642733 4204
 91910 0.020696 643370 643433 4728
 92010 0.021334 644070 644133 4728
 92110 0.021113 644770 644833 4204
 92210 0.021875 645470 645533 4696
 92310 0.021028 646170 646233 4696
 92410 0.026841 646870 646933 4208
 92510 0.021072 647570 647633 4732
 92610 0.020549 648270 648333 4732
 92710 0.021317 648970 649033 4208
 92810 0.020994 649670 649733 4732
 92910 0.020946 650370 650433 4732
 93010 0.021123 651070 651133 4208
 93110 0.023098 651770 651833 4732
 93210 0.022599 652470 652533 4732
 93310 0.025850 653170 653233 4208
 93410 0.027669 653870 653933 4732
 93510 0.021302 654570 654633 4732
 93610 0.022267 655270 655333 4212
 93710 0.021726 655970 656033 4736
 93810 0.021158 656670 656733 4736
 93910 0.021398 657370 657433 4212
 94010 0.021285 658070 658133 4736
 94110 0.021137 658770 658833 4736
 94210 0.021361 659470 659533 4212
 94310 0.021444 660170 660233 4736
 94410 0.020978 660870 660933 4736
 94510 0.030221 661570 661633 4216
 94610 0.021712 662270 662333 4740
 94710 0.021291 662970 663033 4740
 94810 0.021419 663670 663733 4216
 94910 0.021287 664370 664433 4740
 95010 0.021416 665070 665133 4740
 95110 0.020997 665770 665833 4216
 95210 0.021387 666470 666533 4740
 95310 0.021252 667170 667233 4740
 95410 0.021674 667870 667933 4220
 95510 0.027170 668570 668633 4744
 95610 0.026237 669270 669333 4744
 95710 0.026565 669970 670033 4220
 95810 0.022725 670670 670733 4744
 95910 0.024672 671370 671433 4744
 96010 0.021688 672070 672133 4220
 96110 0.021809 672770 672833 4744
 96210 0.022408 673470 673533 4744
 96310 0.022468 674170 674233 4220
 96410 0.021837 674870 674933 4744
 96510 0.021805 675570 675633 4744
 96610 0.022048 676270 676333 4224
 96710 0.021778 676970 677033 4748
 96810 0.022029 677670 677733 4748
 96910 0.023717 678370 678433 4224
 97010 0.021845 679070 679133 4748
 97110 0.021667 679770 679833 4748
 97210 0.021752 680470 680533 4224
 97310 0.021920 681170 681233 4736
 97410 0.021702 681870 681933 4736
 97510 0.021865 682570 682633 4228
 97610 0.021716 683270 683333 4752
 97710 0.021597 683970 684033 4752
 97810 0.021928 684670 684733 4228
 97910 0.022107 685370 685433 4752
 98010 0.022068 686070 686133 4752
 98110 0.022327 686770 686833 4228
 98210 0.022045 687470 687533 4752
 98310 0.021939 688170 688233 4752
 98410 0.022485 688870 688933 4228
 98510 0.022159 689570 689633 4752
 98610 0.021745 690270 690333 4752
 98710 0.023008 690970 691033 4232
 98810 0.022498 691670 691733 4756
 98910 0.022118 692370 692433 4756
 99010 0.022216 693070 693133 4232
 99110 0.023544 693770 693833 4756
 99210 0.022310 694470 694533 4756
 99310 0.022511 695170 695233 4232
 99410 0.022583 695870 695933 4752
 99510 0.025514 696570 696633 4752
 99610 0.026103 697270 697333 4236
 99710 0.024997 697970 698033 4760
 99810 0.022431 698670 698733 4760
 99910 0.022769 699370 699433 4236
