 10 0.000044 30 57 1708
 110 0.000035 550 595 1708
 210 0.000049 1050 1095 1708
 310 0.000066 1550 1595 1708
 410 0.000080 2050 2095 1708
 510 0.000134 2550 2595 1708
 610 0.000114 3050 3095 1708
 710 0.000148 3550 3595 1708
 810 0.000143 4050 4095 1708
 910 0.000160 4550 4595 1708
 1010 0.000316 6060 6114 1708
 1110 0.000294 6660 6714 1708
 1210 0.000463 7260 7314 1708
 1310 0.000400 7860 7914 1708
 1410 0.000344 8460 8514 1708
 1510 0.000354 9060 9114 1708
 1610 0.000326 9660 9714 1708
 1710 0.000398 10260 10314 1708
 1810 0.000349 10860 10914 1708
 1910 0.000527 11460 11514 1708
 2010 0.000389 12060 12114 1708
 2110 0.000538 12660 12714 1708
 2210 0.000589 13260 13314 1708
 2310 0.000444 13860 13914 1708
 2410 0.000508 14460 14514 1708
 2510 0.000590 15060 15114 1708
 2610 0.000701 15660 15714 1708
 2710 0.000575 16260 16314 1708
 2810 0.000591 16860 16914 1708
 2910 0.000575 17460 17514 1708
 3010 0.000586 18060 18114 1708
 3110 0.000604 18660 18714 1708
 3210 0.000743 19260 19314 1708
 3310 0.000740 19860 19914 1708
 3410 0.000718 20460 20514 1708
 3510 0.000677 21060 21114 1708
 3610 0.000691 21660 21714 1708
 3710 0.000748 22260 22314 1708
 3810 0.000880 22860 22914 1708
 3910 0.000925 23460 23514 1708
 4010 0.000940 24060 24114 1708
 4110 0.000836 24660 24714 1708
 4210 0.000835 25260 25314 1708
 4310 0.000888 25860 25914 3644
 4410 0.000886 26460 26514 3644
 4510 0.000906 27060 27114 3644
 4610 0.000923 27660 27714 3644
 4710 0.000922 28260 28314 3644
 4810 0.001017 28860 28914 3644
 4910 0.000981 29460 29514 3644
 5010 0.000987 30060 30114 3644
 5110 0.001002 30660 30714 3644
 5210 0.001037 31260 31314 3644
 5310 0.001029 31860 31914 3644
 5410 0.001281 32460 32514 3644
 5510 0.001167 33060 33114 3644
 5610 0.001087 33660 33714 3644
 5710 0.001108 34260 34314 3644
 5810 0.001163 34860 34914 3644
 5910 0.001142 35460 35514 3644
 6010 0.001225 36060 36114 3644
 6110 0.001196 36660 36714 3644
 6210 0.001288 37260 37314 3644
 6310 0.001297 37860 37914 3644
 6410 0.001299 38460 38514 3644
 6510 0.002321 39060 39114 3644
 6610 0.001796 39660 39714 3644
 6710 0.001999 40260 40314 3644
 6810 0.001400 40860 40914 3644
 6910 0.001407 41460 41514 3644
 7010 0.001428 42060 42114 3644
 7110 0.001429 42660 42714 3644
 7210 0.001700 43260 43314 3644
 7310 0.001700 43860 43914 3644
 7410 0.001512 44460 44514 3644
 7510 0.001485 45060 45114 3644
 7610 0.001519 45660 45714 3644
 7710 0.001496 46260 46314 3644
 7810 0.001568 46860 46914 3644
 7910 0.001867 47460 47514 3644
 8010 0.001603 48060 48114 3644
 8110 0.001675 48660 48714 3644
 8210 0.001862 49260 49314 3644
 8310 0.001685 49860 49914 3644
 8410 0.001712 50460 50514 3644
 8510 0.001673 51060 51114 3644
 8610 0.001667 51660 51714 3644
 8710 0.001763 52260 52314 3644
 8810 0.001733 52860 52914 3644
 8910 0.001729 53460 53514 3644
 9010 0.001760 54060 54114 3644
 9110 0.001853 54660 54714 3644
 9210 0.001880 55260 55314 3644
 9310 0.001685 55860 55914 3644
 9410 0.001892 56460 56514 3644
 9510 0.001916 57060 57114 3644
 9610 0.001847 57660 57714 3644
 9710 0.002051 58260 58314 3644
 9810 0.002046 58860 58914 3644
 9910 0.001903 59460 59514 3644
 10010 0.002257 70070 70133 3644
 10110 0.002268 70770 70833 3644
 10210 0.002256 71470 71533 3644
 10310 0.002287 72170 72233 3644
 10410 0.002399 72870 72933 3644
 10510 0.002345 73570 73633 3644
 10610 0.002416 74270 74333 3644
 10710 0.002447 74970 75033 3644
 10810 0.002443 75670 75733 3644
 10910 0.002594 76370 76433 3644
 11010 0.002467 77070 77133 3644
 11110 0.002472 77770 77833 3644
 11210 0.002550 78470 78533 3644
 11310 0.002597 79170 79233 3644
 11410 0.002583 79870 79933 3644
 11510 0.002718 80570 80633 3644
 11610 0.003880 81270 81333 3644
 11710 0.003833 81970 82033 3644
 11810 0.003353 82670 82733 3644
 11910 0.002960 83370 83433 3644
 12010 0.003007 84070 84133 3644
 12110 0.003971 84770 84833 3644
 12210 0.002751 85470 85533 3644
 12310 0.003087 86170 86233 3644
 12410 0.002917 86870 86933 3644
 12510 0.002780 87570 87633 3644
 12610 0.002808 88270 88333 3644
 12710 0.002828 88970 89033 3644
 12810 0.002913 89670 89733 3644
 12910 0.002829 90370 90433 3748
 13010 0.006857 91070 91133 3748
 13110 0.003001 91770 91833 3748
 13210 0.002940 92470 92533 3748
 13310 0.002945 93170 93233 3748
 13410 0.003025 93870 93933 3748
 13510 0.002980 94570 94633 3748
 13610 0.003020 95270 95333 3748
 13710 0.003311 95970 96033 3748
 13810 0.003203 96670 96733 3748
 13910 0.003113 97370 97433 3748
 14010 0.003131 98070 98133 3748
 14110 0.003130 98770 98833 3748
 14210 0.003156 99470 99533 3748
 14310 0.003204 100170 100233 3748
 14410 0.003190 100870 100933 3748
 14510 0.003221 101570 101633 3748
 14610 0.004466 102270 102333 3748
 14710 0.003353 102970 103033 3748
 14810 0.003518 103670 103733 3748
 14910 0.003465 104370 104433 3748
 15010 0.003299 105070 105133 3748
 15110 0.003394 105770 105833 3748
 15210 0.003426 106470 106533 3748
 15310 0.003387 107170 107233 3748
 15410 0.003634 107870 107933 3748
 15510 0.003516 108570 108633 3748
 15610 0.003439 109270 109333 3748
 15710 0.003483 109970 110033 3780
 15810 0.003600 110670 110733 3780
 15910 0.003518 111370 111433 3780
 16010 0.003546 112070 112133 3780
 16110 0.003605 112770 112833 3780
 16210 0.003930 113470 113533 3780
 16310 0.003635 114170 114233 3780
 16410 0.003756 114870 114933 3780
 16510 0.003631 115570 115633 3780
 16610 0.003688 116270 116333 3792
 16710 0.003848 116970 117033 3792
 16810 0.003771 117670 117733 3792
 16910 0.003879 118370 118433 3796
 17010 0.004135 119070 119133 3796
 17110 0.003445 119770 119833 3792
 17210 0.003830 120470 120533 3800
 17310 0.003885 121170 121233 3800
 17410 0.003869 121870 121933 3792
 17510 0.003903 122570 122633 3804
 17610 0.004086 123270 123333 3804
 17710 0.004092 123970 124033 3796
 17810 0.003963 124670 124733 3804
 17910 0.004126 125370 125433 3804
 18010 0.003974 126070 126133 3796
 18110 0.004037 126770 126833 3808
 18210 0.004238 127470 127533 3808
 18310 0.004159 128170 128233 3796
 18410 0.004562 128870 128933 3812
 18510 0.004274 129570 129633 3812
 18610 0.004292 130270 130333 3800
 18710 0.004685 130970 131033 3816
 18810 0.004281 131670 131733 3816
 18910 0.004464 132370 132433 3800
 19010 0.004426 133070 133133 3820
 19110 0.004336 133770 133833 3820
 19210 0.004318 134470 134533 3800
 19310 0.004336 135170 135233 3824
 19410 0.004362 135870 135933 3824
 19510 0.004331 136570 136633 3800
 19610 0.004385 137270 137333 3828
 19710 0.004537 137970 138033 3828
 19810 0.004376 138670 138733 3804
 19910 0.004445 139370 139433 3832
 20010 0.004479 140070 140133 3832
 20110 0.004440 140770 140833 3804
 20210 0.004546 141470 141533 3832
 20310 0.004662 142170 142233 3832
 20410 0.004506 142870 142933 3804
 20510 0.004679 143570 143633 3836
 20610 0.004541 144270 144333 3836
 20710 0.004620 144970 145033 3808
 20810 0.004745 145670 145733 3840
 20910 0.004892 146370 146433 3840
 21010 0.004690 147070 147133 3808
 21110 0.004738 147770 147833 3844
 21210 0.004811 148470 148533 3844
 21310 0.004700 149170 149233 3808
 21410 0.004841 149870 149933 3848
 21510 0.004914 150570 150633 3848
 21610 0.004812 151270 151333 3808
 21710 0.004986 151970 152033 3852
 21810 0.004852 152670 152733 3852
 21910 0.004875 153370 153433 3812
 22010 0.004917 154070 154133 3856
 22110 0.005092 154770 154833 3856
 22210 0.004916 155470 155533 3812
 22310 0.005025 156170 156233 3860
 22410 0.005066 156870 156933 3860
 22510 0.004952 157570 157633 3812
 22610 0.005059 158270 158333 3860
 22710 0.005260 158970 159033 3860
 22810 0.005403 159670 159733 3816
 22910 0.005148 160370 160433 3864
 23010 0.005144 161070 161133 3864
 23110 0.005091 161770 161833 3816
 23210 0.005289 162470 162533 3868
 23310 0.005239 163170 163233 3868
 23410 0.005177 163870 163933 3816
 23510 0.005326 164570 164633 3872
 23610 0.005226 165270 165333 3872
 23710 0.005245 165970 166033 3816
 23810 0.005469 166670 166733 3876
 23910 0.005502 167370 167433 3876
 24010 0.005508 168070 168133 3820
 24110 0.005946 168770 168833 3880
 24210 0.005495 169470 169533 3880
 24310 0.006027 170170 170233 3820
 24410 0.005781 170870 170933 3884
 24510 0.005920 171570 171633 3884
 24610 0.005497 172270 172333 3820
 24710 0.005845 172970 173033 3888
 24810 0.005848 173670 173733 3888
 24910 0.005686 174370 174433 3824
 25010 0.005672 175070 175133 3892
 25110 0.005635 175770 175833 3892
 25210 0.005577 176470 176533 3824
 25310 0.005895 177170 177233 3892
 25410 0.005847 177870 177933 3892
 25510 0.006200 178570 178633 3824
 25610 0.005832 179270 179333 3896
 25710 0.006029 179970 180033 3896
 25810 0.005823 180670 180733 3828
 25910 0.005904 181370 181433 3900
 26010 0.019645 182070 182133 3900
 26110 0.005823 182770 182833 3828
 26210 0.005981 183470 183533 3904
 26310 0.006318 184170 184233 3904
 26410 0.005798 184870 184933 3828
 26510 0.006180 185570 185633 3908
 26610 0.005977 186270 186333 3908
 26710 0.006026 186970 187033 3828
 26810 0.006519 187670 187733 3912
 26910 0.006140 188370 188433 3912
 27010 0.006549 189070 189133 3832
 27110 0.006298 189770 189833 3916
 27210 0.006361 190470 190533 3916
 27310 0.006474 191170 191233 3832
 27410 0.006357 191870 191933 3920
 27510 0.006146 192570 192633 3920
 27610 0.006175 193270 193333 3832
 27710 0.006737 193970 194033 3920
 27810 0.006281 194670 194733 3920
 27910 0.007530 195370 195433 3836
 28010 0.006305 196070 196133 3924
 28110 0.006207 196770 196833 3924
 28210 0.006206 197470 197533 3836
 28310 0.006604 198170 198233 3928
 28410 0.006241 198870 198933 3928
 28510 0.006269 199570 199633 3836
 28610 0.006426 200270 200333 3932
 28710 0.006481 200970 201033 3932
 28810 0.006435 201670 201733 3836
 28910 0.006505 202370 202433 3936
 29010 0.006418 203070 203133 3936
 29110 0.006440 203770 203833 3840
 29210 0.006681 204470 204533 3940
 29310 0.006644 205170 205233 3940
 29410 0.006580 205870 205933 3840
 29510 0.006649 206570 206633 3944
 29610 0.006673 207270 207333 3944
 29710 0.006543 207970 208033 3840
 29810 0.006779 208670 208733 3948
 29910 0.006598 209370 209433 3948
 30010 0.006964 210070 210133 3844
 30110 0.006827 210770 210833 3948
 30210 0.006734 211470 211533 3948
 30310 0.006712 212170 212233 3844
 30410 0.006883 212870 212933 3952
 30510 0.006922 213570 213633 3952
 30610 0.006721 214270 214333 3844
 30710 0.006989 214970 215033 3956
 30810 0.006758 215670 215733 3956
 30910 0.006939 216370 216433 3848
 31010 0.007035 217070 217133 3960
 31110 0.006982 217770 217833 3960
 31210 0.006912 218470 218533 3848
 31310 0.007336 219170 219233 3964
 31410 0.007009 219870 219933 3964
 31510 0.007249 220570 220633 3848
 31610 0.008655 221270 221333 3968
 31710 0.007920 221970 222033 3968
 31810 0.007077 222670 222733 3848
 31910 0.007199 223370 223433 3972
 32010 0.007152 224070 224133 3972
 32110 0.007173 224770 224833 3852
 32210 0.007247 225470 225533 3976
 32310 0.007145 226170 226233 3976
 32410 0.007339 226870 226933 3852
 32510 0.007345 227570 227633 3976
 32610 0.007302 228270 228333 3976
 32710 0.007192 228970 229033 3852
 32810 0.007572 229670 229733 3852
 32910 0.007319 230370 230433 3852
 33010 0.007285 231070 231133 3856
 33110 0.007436 231770 231833 3856
 33210 0.007478 232470 232533 3856
 33310 0.007384 233170 233233 3856
 33410 0.007502 233870 233933 3856
 33510 0.007455 234570 234633 3856
 33610 0.007602 235270 235333 3856
 33710 0.007684 235970 236033 3856
 33810 0.007586 236670 236733 3856
 33910 0.007483 237370 237433 3856
 34010 0.007731 238070 238133 3856
 34110 0.007700 238770 238833 3856
 34210 0.007700 239470 239533 3860
 34310 0.007746 240170 240233 3860
 34410 0.007862 240870 240933 3860
 34510 0.007673 241570 241633 3860
 34610 0.007815 242270 242333 3860
 34710 0.008248 242970 243033 3860
 34810 0.007911 243670 243733 3860
 34910 0.007929 244370 244433 3868
 35010 0.007735 245070 245133 3868
 35110 0.008430 245770 245833 3864
 35210 0.007927 246470 246533 3864
 35310 0.007882 247170 247233 3864
 35410 0.008275 247870 247933 3864
 35510 0.008220 248570 248633 3864
 35610 0.007973 249270 249333 3864
 35710 0.008115 249970 250033 3864
 35810 0.008384 250670 250733 3864
 35910 0.007972 251370 251433 3864
 36010 0.007976 252070 252133 3868
 36110 0.008183 252770 252833 3868
 36210 0.008157 253470 253533 3868
 36310 0.008081 254170 254233 3868
 36410 0.008172 254870 254933 3868
 36510 0.008334 255570 255633 3868
 36610 0.008088 256270 256333 3868
 36710 0.008266 256970 257033 3868
 36810 0.008396 257670 257733 3868
 36910 0.008410 258370 258433 3868
 37010 0.011066 259070 259133 3868
 37110 0.008790 259770 259833 3868
 37210 0.008249 260470 260533 3872
 37310 0.008393 261170 261233 3872
 37410 0.008254 261870 261933 3872
 37510 0.008518 262570 262633 3872
 37610 0.008517 263270 263333 3872
 37710 0.008408 263970 264033 3872
 37810 0.009187 264670 264733 3872
 37910 0.008648 265370 265433 3892
 38010 0.008420 266070 266133 3892
 38110 0.008665 266770 266833 3876
 38210 0.008649 267470 267533 3876
 38310 0.008541 268170 268233 3876
 38410 0.008482 268870 268933 3876
 38510 0.008823 269570 269633 3876
 38610 0.008745 270270 270333 3876
 38710 0.008646 270970 271033 3876
 38810 0.009077 271670 271733 3876
 38910 0.008702 272370 272433 3876
 39010 0.008694 273070 273133 3876
 39110 0.008932 273770 273833 3876
 39210 0.008706 274470 274533 3876
 39310 0.008749 275170 275233 3880
 39410 0.008807 275870 275933 3880
 39510 0.008830 276570 276633 3880
 39610 0.008912 277270 277333 3880
 39710 0.008864 277970 278033 3880
 39810 0.009061 278670 278733 3880
 39910 0.009047 279370 279433 3880
 40010 0.009111 280070 280133 3908
 40110 0.009332 280770 280833 3908
 40210 0.009125 281470 281533 3884
 40310 0.009157 282170 282233 3884
 40410 0.009134 282870 282933 3884
 40510 0.009274 283570 283633 3884
 40610 0.009222 284270 284333 3884
 40710 0.009285 284970 285033 3884
 40810 0.009307 285670 285733 3884
 40910 0.009197 286370 286433 3884
 41010 0.009439 287070 287133 3884
 41110 0.009234 287770 287833 3884
 41210 0.009285 288470 288533 3884
 41310 0.009619 289170 289233 3884
 41410 0.009363 289870 289933 3888
 41510 0.010792 290570 290633 3888
 41610 0.026496 291270 291333 3888
 41710 0.009222 291970 292033 3888
 41810 0.009573 292670 292733 3888
 41910 0.009370 293370 293433 3888
 42010 0.009416 294070 294133 3888
 42110 0.011142 294770 294833 3888
 42210 0.010045 295470 295533 3888
 42310 0.010089 296170 296233 3892
 42410 0.011424 296870 296933 3892
 42510 0.009394 297570 297633 3892
 42610 0.009687 298270 298333 3892
 42710 0.009484 298970 299033 3892
 42810 0.009499 299670 299733 3892
 42910 0.009829 300370 300433 3892
 43010 0.009703 301070 301133 3932
 43110 0.009577 301770 301833 3932
 43210 0.009795 302470 302533 3896
 43310 0.009737 303170 303233 3896
 43410 0.009622 303870 303933 3896
 43510 0.009675 304570 304633 3896
 43610 0.009853 305270 305333 3896
 43710 0.009753 305970 306033 3896
 43810 0.010005 306670 306733 3896
 43910 0.009891 307370 307433 3896
 44010 0.009783 308070 308133 3896
 44110 0.009954 308770 308833 3896
 44210 0.009909 309470 309533 3896
 44310 0.009901 310170 310233 3896
 44410 0.010080 310870 310933 3900
 44510 0.010085 311570 311633 3900
 44610 0.009901 312270 312333 3900
 44710 0.010144 312970 313033 3900
 44810 0.010036 313670 313733 3900
 44910 0.010289 314370 314433 3900
 45010 0.010191 315070 315133 3900
 45110 0.010207 315770 315833 3948
 45210 0.010285 316470 316533 3948
 45310 0.010127 317170 317233 3904
 45410 0.010426 317870 317933 3904
 45510 0.010426 318570 318633 3904
 45610 0.010176 319270 319333 3904
 45710 0.010257 319970 320033 3904
 45810 0.010268 320670 320733 3904
 45910 0.010247 321370 321433 3904
 46010 0.010323 322070 322133 3904
 46110 0.010487 322770 322833 3904
 46210 0.012754 323470 323533 3904
 46310 0.010521 324170 324233 3904
 46410 0.010388 324870 324933 3904
 46510 0.010316 325570 325633 3908
 46610 0.010788 326270 326333 3908
 46710 0.010604 326970 327033 3908
 46810 0.016092 327670 327733 3908
 46910 0.010243 328370 328433 3908
 47010 0.010583 329070 329133 3908
 47110 0.010547 329770 329833 3908
 47210 0.010560 330470 330533 3908
 47310 0.015860 331170 331233 3908
 47410 0.010643 331870 331933 3912
 47510 0.010841 332570 332633 3912
 47610 0.011132 333270 333333 3912
 47710 0.022680 333970 334033 3912
 47810 0.010869 334670 334733 3912
 47910 0.010655 335370 335433 3912
 48010 0.010874 336070 336133 3912
 48110 0.010906 336770 336833 3912
 48210 0.010709 337470 337533 3912
 48310 0.011610 338170 338233 3916
 48410 0.011070 338870 338933 3916
 48510 0.011047 339570 339633 3916
 48610 0.010883 340270 340333 3916
 48710 0.011060 340970 341033 3916
 48810 0.011058 341670 341733 3916
 48910 0.010959 342370 342433 3916
 49010 0.011310 343070 343133 3916
 49110 0.011390 343770 343833 3916
 49210 0.010929 344470 344533 3916
 49310 0.011134 345170 345233 3916
 49410 0.011051 345870 345933 3916
 49510 0.011169 346570 346633 3920
 49610 0.011151 347270 347333 3920
 49710 0.011167 347970 348033 3920
 49810 0.011200 348670 348733 3920
 49910 0.011276 349370 349433 3920
 50010 0.011402 350070 350133 4180
 50110 0.011191 350770 350833 3920
 50210 0.011331 351470 351533 3988
 50310 0.011307 352170 352233 3988
 50410 0.011410 352870 352933 3924
 50510 0.011348 353570 353633 4184
 50610 0.011376 354270 354333 4184
 50710 0.011246 354970 355033 3924
 50810 0.011591 355670 355733 4184
 50910 0.011527 356370 356433 4184
 51010 0.011353 357070 357133 3924
 51110 0.013433 357770 357833 4184
 51210 0.013228 358470 358533 4184
 51310 0.012752 359170 359233 3924
 51410 0.011600 359870 359933 4184
 51510 0.011735 360570 360633 4184
 51610 0.011516 361270 361333 3928
 51710 0.011706 361970 362033 4188
 51810 0.011777 362670 362733 4188
 51910 0.011556 363370 363433 3928
 52010 0.011794 364070 364133 4188
 52110 0.011721 364770 364833 4188
 52210 0.011615 365470 365533 3928
 52310 0.011893 366170 366233 4004
 52410 0.016796 366870 366933 4004
 52510 0.011839 367570 367633 3932
 52610 0.011823 368270 368333 4192
 52710 0.011900 368970 369033 4192
 52810 0.011930 369670 369733 3932
 52910 0.012129 370370 370433 4192
 53010 0.011942 371070 371133 4192
 53110 0.011857 371770 371833 3932
 53210 0.012089 372470 372533 4192
 53310 0.011891 373170 373233 4192
 53410 0.012181 373870 373933 3936
 53510 0.012028 374570 374633 4196
 53610 0.012014 375270 375333 4196
 53710 0.012237 375970 376033 3936
 53810 0.015866 376670 376733 4196
 53910 0.012292 377370 377433 4196
 54010 0.012036 378070 378133 3936
 54110 0.012312 378770 378833 4196
 54210 0.012144 379470 379533 4196
 54310 0.012401 380170 380233 3936
 54410 0.012070 380870 380933 4196
 54510 0.012438 381570 381633 4196
 54610 0.012334 382270 382333 3940
 54710 0.012289 382970 383033 4200
 54810 0.012586 383670 383733 4200
 54910 0.012189 384370 384433 3940
 55010 0.012624 385070 385133 4200
 55110 0.014790 385770 385833 4200
 55210 0.014378 386470 386533 3940
 55310 0.012922 387170 387233 4028
 55410 0.012591 387870 387933 4028
 55510 0.012583 388570 388633 3944
 55610 0.012480 389270 389333 4204
 55710 0.012745 389970 390033 4204
 55810 0.012458 390670 390733 3944
 55910 0.012934 391370 391433 4204
 56010 0.012853 392070 392133 4204
 56110 0.012692 392770 392833 3944
 56210 0.012691 393470 393533 4204
 56310 0.012916 394170 394233 4204
 56410 0.012754 394870 394933 3944
 56510 0.012680 395570 395633 4204
 56610 0.012710 396270 396333 4204
 56710 0.012545 396970 397033 3948
 56810 0.012847 397670 397733 4208
 56910 0.012794 398370 398433 4208
 57010 0.015028 399070 399133 3948
 57110 0.012896 399770 399833 4208
 57210 0.012920 400470 400533 4208
 57310 0.012786 401170 401233 3948
 57410 0.013263 401870 401933 4044
 57510 0.012933 402570 402633 4044
 57610 0.013060 403270 403333 3952
 57710 0.013066 403970 404033 4212
 57810 0.012903 404670 404733 4212
 57910 0.016994 405370 405433 3952
 58010 0.013698 406070 406133 4212
 58110 0.013220 406770 406833 4212
 58210 0.012907 407470 407533 3952
 58310 0.013260 408170 408233 4212
 58410 0.013135 408870 408933 4212
 58510 0.013185 409570 409633 3952
 58610 0.015331 410270 410333 4212
 58710 0.015862 410970 411033 4212
 58810 0.015652 411670 411733 3956
 58910 0.015339 412370 412433 4216
 59010 0.017266 413070 413133 4216
 59110 0.016093 413770 413833 3956
 59210 0.016212 414470 414533 4216
 59310 0.014960 415170 415233 4216
 59410 0.015008 415870 415933 3956
 59510 0.013985 416570 416633 4216
 59610 0.014564 417270 417333 4216
 59710 0.013612 417970 418033 3960
 59810 0.013861 418670 418733 4220
 59910 0.013837 419370 419433 4220
 60010 0.013508 420070 420133 3960
 60110 0.013619 420770 420833 4220
 60210 0.013664 421470 421533 4220
 60310 0.013728 422170 422233 3960
 60410 0.014334 422870 422933 4220
 60510 0.013635 423570 423633 4220
 60610 0.013839 424270 424333 3964
 60710 0.013979 424970 425033 4224
 60810 0.013940 425670 425733 4224
 60910 0.014432 426370 426433 3964
 61010 0.014981 427070 427133 4224
 61110 0.013743 427770 427833 4224
 61210 0.013537 428470 428533 3964
 61310 0.016426 429170 429233 4224
 61410 0.014467 429870 429933 4224
 61510 0.014303 430570 430633 3964
 61610 0.016254 431270 431333 4224
 61710 0.015910 431970 432033 4224
 61810 0.013980 432670 432733 3968
 61910 0.013984 433370 433433 4228
 62010 0.014230 434070 434133 4228
 62110 0.017210 434770 434833 3968
 62210 0.014594 435470 435533 4228
 62310 0.014257 436170 436233 4228
 62410 0.014502 436870 436933 3968
 62510 0.014465 437570 437633 4084
 62610 0.015237 438270 438333 4084
 62710 0.013779 438970 439033 3972
 62810 0.014393 439670 439733 4232
 62910 0.014252 440370 440433 4232
 63010 0.019650 441070 441133 3972
 63110 0.014463 441770 441833 4232
 63210 0.016527 442470 442533 4232
 63310 0.013979 443170 443233 3972
 63410 0.014956 443870 443933 4232
 63510 0.016993 444570 444633 4232
 63610 0.014878 445270 445333 3972
 63710 0.017720 445970 446033 4232
 63810 0.014610 446670 446733 4232
 63910 0.014527 447370 447433 3976
 64010 0.014595 448070 448133 4236
 64110 0.014886 448770 448833 4236
 64210 0.014385 449470 449533 3976
 64310 0.015721 450170 450233 4236
 64410 0.014508 450870 450933 4236
 64510 0.015349 451570 451633 3976
 64610 0.015490 452270 452333 4236
 64710 0.015046 452970 453033 4236
 64810 0.014808 453670 453733 3980
 64910 0.015331 454370 454433 4240
 65010 0.016444 455070 455133 4240
 65110 0.014941 455770 455833 3980
 65210 0.015450 456470 456533 4240
 65310 0.014995 457170 457233 4240
 65410 0.015735 457870 457933 3980
 65510 0.014959 458570 458633 4240
 65610 0.015292 459270 459333 4240
 65710 0.015095 459970 460033 3984
 65810 0.018761 460670 460733 4244
 65910 0.015608 461370 461433 4244
 66010 0.018611 462070 462133 3984
 66110 0.015212 462770 462833 4244
 66210 0.015107 463470 463533 4244
 66310 0.015618 464170 464233 3984
 66410 0.015166 464870 464933 4244
 66510 0.017601 465570 465633 4244
 66610 0.015281 466270 466333 3984
 66710 0.019500 466970 467033 4244
 66810 0.015372 467670 467733 4244
 66910 0.015646 468370 468433 3988
 67010 0.015805 469070 469133 4248
 67110 0.015719 469770 469833 4248
 67210 0.015950 470470 470533 3988
 67310 0.015418 471170 471233 4248
 67410 0.015898 471870 471933 4248
 67510 0.015237 472570 472633 3988
 67610 0.015758 473270 473333 4384
 67710 0.016183 473970 474033 4384
 67810 0.017463 474670 474733 3992
 67910 0.015872 475370 475433 4252
 68010 0.015780 476070 476133 4252
 68110 0.015770 476770 476833 3992
 68210 0.015619 477470 477533 4252
 68310 0.015885 478170 478233 4252
 68410 0.015680 478870 478933 3992
 68510 0.015905 479570 479633 4252
 68610 0.015685 480270 480333 4252
 68710 0.015570 480970 481033 3992
 68810 0.015842 481670 481733 4252
 68910 0.015377 482370 482433 4252
 69010 0.015495 483070 483133 3996
 69110 0.015815 483770 483833 4256
 69210 0.015797 484470 484533 4256
 69310 0.016025 485170 485233 3996
 69410 0.017343 485870 485933 4256
 69510 0.016741 486570 486633 4256
 69610 0.016026 487270 487333 3996
 69710 0.016673 487970 488033 4400
 69810 0.015448 488670 488733 4400
 69910 0.015949 489370 489433 4000
 70010 0.016017 490070 490133 4260
 70110 0.015834 490770 490833 4260
 70210 0.015853 491470 491533 4000
 70310 0.017667 492170 492233 4260
 70410 0.016026 492870 492933 4260
 70510 0.016030 493570 493633 4000
 70610 0.017782 494270 494333 4260
 70710 0.016856 494970 495033 4260
 70810 0.016514 495670 495733 4000
 70910 0.016679 496370 496433 4260
 71010 0.016582 497070 497133 4260
 71110 0.020045 497770 497833 4004
 71210 0.016799 498470 498533 4264
 71310 0.017156 499170 499233 4264
 71410 0.017178 499870 499933 4004
 71510 0.016908 500570 500633 4264
 71610 0.016668 501270 501333 4264
 71710 0.016572 501970 502033 4004
 71810 0.017183 502670 502733 4264
 71910 0.017126 503370 503433 4264
 72010 0.021995 504070 504133 4008
 72110 0.018595 504770 504833 4268
 72210 0.018548 505470 505533 4268
 72310 0.018633 506170 506233 4008
 72410 0.033373 506870 506933 4268
 72510 0.019879 507570 507633 4268
 72610 0.023282 508270 508333 4008
 72710 0.019524 508970 509033 4424
 72810 0.018313 509670 509733 4424
 72910 0.017778 510370 510433 4012
 73010 0.018110 511070 511133 4272
 73110 0.016853 511770 511833 4272
 73210 0.016996 512470 512533 4012
 73310 0.016955 513170 513233 4272
 73410 0.017501 513870 513933 4272
 73510 0.017295 514570 514633 4012
 73610 0.018143 515270 515333 4272
 73710 0.016767 515970 516033 4272
 73810 0.019737 516670 516733 4012
 73910 0.018274 517370 517433 4272
 74010 0.017474 518070 518133 4272
 74110 0.016989 518770 518833 4016
 74210 0.018227 519470 519533 4276
 74310 0.017471 520170 520233 4276
 74410 0.018375 520870 520933 4016
 74510 0.017414 521570 521633 4276
 74610 0.017390 522270 522333 4276
 74710 0.018146 522970 523033 4016
 74810 0.018443 523670 523733 4440
 74910 0.017979 524370 524433 4440
 75010 0.017357 525070 525133 4020
 75110 0.017661 525770 525833 4280
 75210 0.017955 526470 526533 4280
 75310 0.019398 527170 527233 4020
 75410 0.017241 527870 527933 4280
 75510 0.017424 528570 528633 4280
 75610 0.017290 529270 529333 4020
 75710 0.017268 529970 530033 4280
 75810 0.017361 530670 530733 4280
 75910 0.017173 531370 531433 4020
 76010 0.017731 532070 532133 4280
 76110 0.017732 532770 532833 4280
 76210 0.018341 533470 533533 4024
 76310 0.017460 534170 534233 4284
 76410 0.017758 534870 534933 4284
 76510 0.017540 535570 535633 4024
 76610 0.018456 536270 536333 4284
 76710 0.018247 536970 537033 4284
 76810 0.017639 537670 537733 4024
 76910 0.018760 538370 538433 4284
 77010 0.018431 539070 539133 4284
 77110 0.017680 539770 539833 4028
 77210 0.017677 540470 540533 4288
 77310 0.017264 541170 541233 4288
 77410 0.017584 541870 541933 4028
 77510 0.018237 542570 542633 4288
 77610 0.023619 543270 543333 4288
 77710 0.018394 543970 544033 4028
 77810 0.018011 544670 544733 4288
 77910 0.017696 545370 545433 4288
 78010 0.019857 546070 546133 4032
 78110 0.018929 546770 546833 4292
 78210 0.017777 547470 547533 4292
 78310 0.017960 548170 548233 4032
 78410 0.017760 548870 548933 4292
 78510 0.019958 549570 549633 4292
 78610 0.018021 550270 550333 4032
 78710 0.017715 550970 551033 4292
 78810 0.017927 551670 551733 4292
 78910 0.017969 552370 552433 4032
 79010 0.018020 553070 553133 4292
 79110 0.018129 553770 553833 4292
 79210 0.018061 554470 554533 4036
 79310 0.018020 555170 555233 4296
 79410 0.020294 555870 555933 4296
 79510 0.018368 556570 556633 4036
 79610 0.017908 557270 557333 4296
 79710 0.018262 557970 558033 4296
 79810 0.017919 558670 558733 4036
 79910 0.018670 559370 559433 4480
 80010 0.018676 560070 560133 4480
 80110 0.017988 560770 560833 4040
 80210 0.018962 561470 561533 4300
 80310 0.018507 562170 562233 4300
 80410 0.018289 562870 562933 4040
 80510 0.020101 563570 563633 4300
 80610 0.019366 564270 564333 4300
 80710 0.019955 564970 565033 4040
 80810 0.019241 565670 565733 4300
 80910 0.018808 566370 566433 4300
 81010 0.019975 567070 567133 4040
 81110 0.018681 567770 567833 4300
 81210 0.018757 568470 568533 4300
 81310 0.018842 569170 569233 4044
 81410 0.020589 569870 569933 4304
 81510 0.018669 570570 570633 4304
 81610 0.018337 571270 571333 4044
 81710 0.018940 571970 572033 4304
 81810 0.024093 572670 572733 4304
 81910 0.019162 573370 573433 4044
 82010 0.018683 574070 574133 4496
 82110 0.018739 574770 574833 4496
 82210 0.018597 575470 575533 4048
 82310 0.018617 576170 576233 4308
 82410 0.018684 576870 576933 4308
 82510 0.018583 577570 577633 4048
 82610 0.018601 578270 578333 4308
 82710 0.020017 578970 579033 4308
 82810 0.018778 579670 579733 4048
 82910 0.018632 580370 580433 4308
 83010 0.018709 581070 581133 4308
 83110 0.018915 581770 581833 4052
 83210 0.018912 582470 582533 4312
 83310 0.019022 583170 583233 4312
 83410 0.018667 583870 583933 4052
 83510 0.019193 584570 584633 4312
 83610 0.020145 585270 585333 4312
 83710 0.019088 585970 586033 4052
 83810 0.019541 586670 586733 4576
 83910 0.019009 587370 587433 4576
 84010 0.019183 588070 588133 4052
 84110 0.018975 588770 588833 4576
 84210 0.019027 589470 589533 4576
 84310 0.019138 590170 590233 4056
 84410 0.019223 590870 590933 4580
 84510 0.019370 591570 591633 4580
 84610 0.019748 592270 592333 4056
 84710 0.019158 592970 593033 4580
 84810 0.020189 593670 593733 4580
 84910 0.019358 594370 594433 4056
 85010 0.019210 595070 595133 4520
 85110 0.019586 595770 595833 4520
 85210 0.019893 596470 596533 4060
 85310 0.020547 597170 597233 4584
 85410 0.019464 597870 597933 4584
 85510 0.019027 598570 598633 4060
 85610 0.019411 599270 599333 4584
 85710 0.020477 599970 600033 4584
 85810 0.019968 600670 600733 4060
 85910 0.026893 601370 601433 4584
 86010 0.019339 602070 602133 4584
 86110 0.020760 602770 602833 4060
 86210 0.019571 603470 603533 4584
 86310 0.019289 604170 604233 4584
 86410 0.019530 604870 604933 4064
 86510 0.019893 605570 605633 4588
 86610 0.020068 606270 606333 4588
 86710 0.019469 606970 607033 4064
 86810 0.019711 607670 607733 4588
 86910 0.019793 608370 608433 4588
 87010 0.019570 609070 609133 4064
 87110 0.023055 609770 609833 4536
 87210 0.020432 610470 610533 4536
 87310 0.019674 611170 611233 4068
 87410 0.019245 611870 611933 4592
 87510 0.022182 612570 612633 4592
 87610 0.020581 613270 613333 4068
 87710 0.019672 613970 614033 4592
 87810 0.019955 614670 614733 4592
 87910 0.022275 615370 615433 4068
 88010 0.019385 616070 616133 4592
 88110 0.020129 616770 616833 4592
 88210 0.020798 617470 617533 4068
 88310 0.020149 618170 618233 4592
 88410 0.019728 618870 618933 4592
 88510 0.020442 619570 619633 4072
 88610 0.020186 620270 620333 4596
 88710 0.020549 620970 621033 4596
 88810 0.019840 621670 621733 4072
 88910 0.020187 622370 622433 4596
 89010 0.020033 623070 623133 4596
 89110 0.019925 623770 623833 4072
 89210 0.022132 624470 624533 4596
 89310 0.020059 625170 625233 4596
 89410 0.020145 625870 625933 4076
 89510 0.021597 626570 626633 4600
 89610 0.023092 627270 627333 4600
 89710 0.020120 627970 628033 4076
 89810 0.020229 628670 628733 4600
 89910 0.020306 629370 629433 4600
 90010 0.020479 630070 630133 4076
 90110 0.020734 630770 630833 4560
 90210 0.020146 631470 631533 4560
 90310 0.022027 632170 632233 4080
 90410 0.020650 632870 632933 4604
 90510 0.020671 633570 633633 4604
 90610 0.021031 634270 634333 4080
 90710 0.023173 634970 635033 4604
 90810 0.021912 635670 635733 4604
 90910 0.022162 636370 636433 4080
 91010 0.025582 637070 637133 4604
 91110 0.020877 637770 637833 4604
 91210 0.021917 638470 638533 4080
 91310 0.021505 639170 639233 4604
 91410 0.020829 639870 639933 4604
 91510 0.022301 640570 640633 4084
 91610 0.022255 641270 641333 4608
 91710 0.021689 641970 642033 4608
 91810 0.022025 642670 642733 4084
 91910 0.021208 643370 643433 4608
 92010 0.021831 644070 644133 4608
 92110 0.020946 644770 644833 4084
 92210 0.021355 645470 645533 4576
 92310 0.020758 646170 646233 4576
 92410 0.020962 646870 646933 4088
 92510 0.021240 647570 647633 4612
 92610 0.020977 648270 648333 4612
 92710 0.021095 648970 649033 4088
 92810 0.021271 649670 649733 4612
 92910 0.021257 650370 650433 4612
 93010 0.026905 651070 651133 4088
 93110 0.021468 651770 651833 4612
 93210 0.021012 652470 652533 4612
 93310 0.021325 653170 653233 4088
 93410 0.021456 653870 653933 4612
 93510 0.022213 654570 654633 4612
 93610 0.021682 655270 655333 4092
 93710 0.022887 655970 656033 4616
 93810 0.021536 656670 656733 4616
 93910 0.021239 657370 657433 4092
 94010 0.024262 658070 658133 4616
 94110 0.022156 658770 658833 4616
 94210 0.022145 659470 659533 4092
 94310 0.021939 660170 660233 4616
 94410 0.023442 660870 660933 4616
 94510 0.023157 661570 661633 4096
 94610 0.022832 662270 662333 4620
 94710 0.021768 662970 663033 4620
 94810 0.021911 663670 663733 4096
 94910 0.021885 664370 664433 4620
 95010 0.021796 665070 665133 4620
 95110 0.026658 665770 665833 4096
 95210 0.021884 666470 666533 4620
 95310 0.022164 667170 667233 4620
 95410 0.023784 667870 667933 4100
 95510 0.021925 668570 668633 4624
 95610 0.021840 669270 669333 4624
 95710 0.021823 669970 670033 4100
 95810 0.021778 670670 670733 4624
 95910 0.031492 671370 671433 4624
 96010 0.021360 672070 672133 4100
 96110 0.021908 672770 672833 4624
 96210 0.021491 673470 673533 4624
 96310 0.021817 674170 674233 4100
 96410 0.021707 674870 674933 4624
 96510 0.021697 675570 675633 4624
 96610 0.022157 676270 676333 4104
 96710 0.023295 676970 677033 4628
 96810 0.021856 677670 677733 4628
 96910 0.021680 678370 678433 4104
 97010 0.022207 679070 679133 4628
 97110 0.022048 679770 679833 4628
 97210 0.021928 680470 680533 4104
 97310 0.022408 681170 681233 4616
 97410 0.021863 681870 681933 4616
 97510 0.022216 682570 682633 4108
 97610 0.023586 683270 683333 4632
 97710 0.024782 683970 684033 4632
 97810 0.021976 684670 684733 4108
 97910 0.022575 685370 685433 4632
 98010 0.022189 686070 686133 4632
 98110 0.022252 686770 686833 4108
 98210 0.022290 687470 687533 4632
 98310 0.022179 688170 688233 4632
 98410 0.022282 688870 688933 4108
 98510 0.022352 689570 689633 4632
 98610 0.022280 690270 690333 4632
 98710 0.022973 690970 691033 4112
 98810 0.022373 691670 691733 4636
 98910 0.022440 692370 692433 4636
 99010 0.022231 693070 693133 4112
 99110 0.022310 693770 693833 4636
 99210 0.022315 694470 694533 4636
 99310 0.029095 695170 695233 4112
 99410 0.023157 695870 695933 4632
 99510 0.022489 696570 696633 4632
 99610 0.022498 697270 697333 4116
 99710 0.022620 697970 698033 4640
 99810 0.022633 698670 698733 4640
 99910 0.022624 699370 699433 4116
