 10 0.000058 20 38 1716
 110 0.000040 440 476 1716
 210 0.000054 840 876 1716
 310 0.000094 1240 1276 1716
 410 0.000090 1640 1676 1716
 510 0.000107 2040 2076 1716
 610 0.000121 2440 2476 1716
 710 0.000136 2840 2876 1716
 810 0.000154 3240 3276 1716
 910 0.000191 3640 3676 1716
 1010 0.000227 5050 5095 1716
 1110 0.000255 5550 5595 1716
 1210 0.000328 6050 6095 1716
 1310 0.000297 6550 6595 1716
 1410 0.000312 7050 7095 1716
 1510 0.000353 7550 7595 1716
 1610 0.000393 8050 8095 1716
 1710 0.000392 8550 8595 1716
 1810 0.000385 9050 9095 1716
 1910 0.000426 9550 9595 1716
 2010 0.000429 10050 10095 1716
 2110 0.000464 10550 10595 1716
 2210 0.000482 11050 11095 1716
 2310 0.000536 11550 11595 1716
 2410 0.000477 12050 12095 1716
 2510 0.000478 12550 12595 1716
 2610 0.000514 13050 13095 1716
 2710 0.000536 13550 13595 1716
 2810 0.000538 14050 14095 1716
 2910 0.000569 14550 14595 1716
 3010 0.000595 15050 15095 1716
 3110 0.000578 15550 15595 1716
 3210 0.000561 16050 16095 1716
 3310 0.000590 16550 16595 1716
 3410 0.000602 17050 17095 1716
 3510 0.000630 17550 17595 1716
 3610 0.000632 18050 18095 1716
 3710 0.000644 18550 18595 1716
 3810 0.000674 19050 19095 1716
 3910 0.000682 19550 19595 1716
 4010 0.000725 20050 20095 1716
 4110 0.000705 20550 20595 1716
 4210 0.000748 21050 21095 1716
 4310 0.000756 21550 21595 3576
 4410 0.000766 22050 22095 3576
 4510 0.000789 22550 22595 3576
 4610 0.000800 23050 23095 3576
 4710 0.000815 23550 23595 3576
 4810 0.000833 24050 24095 3576
 4910 0.000874 24550 24595 3576
 5010 0.000929 25050 25095 3576
 5110 0.001092 25550 25595 3576
 5210 0.000979 26050 26095 3576
 5310 0.000913 26550 26595 3576
 5410 0.001118 27050 27095 3576
 5510 0.001089 27550 27595 3576
 5610 0.001075 28050 28095 3576
 5710 0.001010 28550 28595 3576
 5810 0.001182 29050 29095 3576
 5910 0.001840 29550 29595 3576
 6010 0.001106 30050 30095 3576
 6110 0.001100 30550 30595 3576
 6210 0.001097 31050 31095 3576
 6310 0.001082 31550 31595 3576
 6410 0.001123 32050 32095 3576
 6510 0.001110 32550 32595 3576
 6610 0.001168 33050 33095 3576
 6710 0.001167 33550 33595 3576
 6810 0.001198 34050 34095 3576
 6910 0.001198 34550 34595 3576
 7010 0.001218 35050 35095 3576
 7110 0.001203 35550 35595 3576
 7210 0.001241 36050 36095 3576
 7310 0.001628 36550 36595 3576
 7410 0.001414 37050 37095 3576
 7510 0.001415 37550 37595 3576
 7610 0.001334 38050 38095 3576
 7710 0.001344 38550 38595 3576
 7810 0.001321 39050 39095 3576
 7910 0.001360 39550 39595 3576
 8010 0.001357 40050 40095 3576
 8110 0.001416 40550 40595 3576
 8210 0.001391 41050 41095 3576
 8310 0.001411 41550 41595 3576
 8410 0.001649 42050 42095 3576
 8510 0.001520 42550 42595 3576
 8610 0.001482 43050 43095 3576
 8710 0.001484 43550 43595 3576
 8810 0.001551 44050 44095 3576
 8910 0.001526 44550 44595 3576
 9010 0.001571 45050 45095 3576
 9110 0.001591 45550 45595 3576
 9210 0.001720 46050 46095 3576
 9310 0.001614 46550 46595 3576
 9410 0.001667 47050 47095 3576
 9510 0.001624 47550 47595 3576
 9610 0.001636 48050 48095 3576
 9710 0.001709 48550 48595 3576
 9810 0.001764 49050 49095 3576
 9910 0.001749 49550 49595 3576
 10010 0.002061 60060 60114 3576
 10110 0.002057 60660 60714 3576
 10210 0.002187 61260 61314 3576
 10310 0.002105 61860 61914 3576
 10410 0.002077 62460 62514 3576
 10510 0.002095 63060 63114 3576
 10610 0.002132 63660 63714 3576
 10710 0.002339 64260 64314 3576
 10810 0.002318 64860 64914 3576
 10910 0.002294 65460 65514 3576
 11010 0.002256 66060 66114 3576
 11110 0.002251 66660 66714 3576
 11210 0.002279 67260 67314 3576
 11310 0.002294 67860 67914 3576
 11410 0.002276 68460 68514 3576
 11510 0.002340 69060 69114 3576
 11610 0.002347 69660 69714 3576
 11710 0.002319 70260 70314 3576
 11810 0.002387 70860 70914 3576
 11910 0.002597 71460 71514 3576
 12010 0.002424 72060 72114 3576
 12110 0.002421 72660 72714 3576
 12210 0.002456 73260 73314 3576
 12310 0.002558 73860 73914 3576
 12410 0.002472 74460 74514 3576
 12510 0.002487 75060 75114 3576
 12610 0.002503 75660 75714 3576
 12710 0.002619 76260 76314 3576
 12810 0.002619 76860 76914 3576
 12910 0.002622 77460 77514 3680
 13010 0.002812 78060 78114 3680
 13110 0.002745 78660 78714 3680
 13210 0.002662 79260 79314 3680
 13310 0.002652 79860 79914 3680
 13410 0.002648 80460 80514 3680
 13510 0.002709 81060 81114 3680
 13610 0.002762 81660 81714 3680
 13710 0.002739 82260 82314 3680
 13810 0.002741 82860 82914 3680
 13910 0.002787 83460 83514 3680
 14010 0.002897 84060 84114 3680
 14110 0.002828 84660 84714 3680
 14210 0.002827 85260 85314 3680
 14310 0.002941 85860 85914 3680
 14410 0.002887 86460 86514 3680
 14510 0.002896 87060 87114 3680
 14610 0.002919 87660 87714 3680
 14710 0.002948 88260 88314 3680
 14810 0.002946 88860 88914 3680
 14910 0.002975 89460 89514 3680
 15010 0.003232 90060 90114 3680
 15110 0.003047 90660 90714 3680
 15210 0.003030 91260 91314 3680
 15310 0.003104 91860 91914 3680
 15410 0.003450 92460 92514 3680
 15510 0.003119 93060 93114 3680
 15610 0.003096 93660 93714 3680
 15710 0.003131 94260 94314 3712
 15810 0.003247 94860 94914 3712
 15910 0.003468 95460 95514 3712
 16010 0.003284 96060 96114 3712
 16110 0.003580 96660 96714 3712
 16210 0.003249 97260 97314 3712
 16310 0.003314 97860 97914 3712
 16410 0.003294 98460 98514 3712
 16510 0.003330 99060 99114 3712
 16610 0.003347 99660 99714 3724
 16710 0.003590 100260 100314 3724
 16810 0.003390 100860 100914 3724
 16910 0.003356 101460 101514 3728
 17010 0.003402 102060 102114 3728
 17110 0.003396 102660 102714 3724
 17210 0.003459 103260 103314 3732
 17310 0.003777 103860 103914 3732
 17410 0.003491 104460 104514 3724
 17510 0.003675 105060 105114 3736
 17610 0.003498 105660 105714 3736
 17710 0.003618 106260 106314 3728
 17810 0.003557 106860 106914 3736
 17910 0.003577 107460 107514 3736
 18010 0.003603 108060 108114 3728
 18110 0.003670 108660 108714 3740
 18210 0.003627 109260 109314 3740
 18310 0.003924 109860 109914 3728
 18410 0.003719 110460 110514 3744
 18510 0.003831 111060 111114 3744
 18610 0.004077 111660 111714 3732
 18710 0.003963 112260 112314 3748
 18810 0.003793 112860 112914 3748
 18910 0.003948 113460 113514 3732
 19010 0.004382 114060 114114 3752
 19110 0.003899 114660 114714 3752
 19210 0.004620 115260 115314 3732
 19310 0.003862 115860 115914 3756
 19410 0.004132 116460 116514 3756
 19510 0.003938 117060 117114 3732
 19610 0.003989 117660 117714 3760
 19710 0.004320 118260 118314 3760
 19810 0.004134 118860 118914 3736
 19910 0.004016 119460 119514 3764
 20010 0.004413 120060 120114 3764
 20110 0.004005 120660 120714 3736
 20210 0.004478 121260 121314 3764
 20310 0.004253 121860 121914 3764
 20410 0.004084 122460 122514 3736
 20510 0.004267 123060 123114 3768
 20610 0.004127 123660 123714 3768
 20710 0.004087 124260 124314 3740
 20810 0.004167 124860 124914 3772
 20910 0.004152 125460 125514 3772
 21010 0.004370 126060 126114 3740
 21110 0.004240 126660 126714 3776
 21210 0.004276 127260 127314 3776
 21310 0.004276 127860 127914 3740
 21410 0.004377 128460 128514 3780
 21510 0.004327 129060 129114 3780
 21610 0.004655 129660 129714 3740
 21710 0.004560 130260 130314 3784
 21810 0.004758 130860 130914 3784
 21910 0.004505 131460 131514 3744
 22010 0.004793 132060 132114 3788
 22110 0.004539 132660 132714 3788
 22210 0.004685 133260 133314 3744
 22310 0.006930 133860 133914 3792
 22410 0.004960 134460 134514 3792
 22510 0.005495 135060 135114 3744
 22610 0.005716 135660 135714 3792
 22710 0.004985 136260 136314 3792
 22810 0.005264 136860 136914 3748
 22910 0.005251 137460 137514 3796
 23010 0.005866 138060 138114 3796
 23110 0.005488 138660 138714 3748
 23210 0.006034 139260 139314 3800
 23310 0.005765 139860 139914 3800
 23410 0.005560 140460 140514 3748
 23510 0.006068 141060 141114 3804
 23610 0.005916 141660 141714 3804
 23710 0.006147 142260 142314 3748
 23810 0.005339 142860 142914 3808
 23910 0.006186 143460 143514 3808
 24010 0.006292 144060 144114 3752
 24110 0.005146 144660 144714 3812
 24210 0.005184 145260 145314 3812
 24310 0.005175 145860 145914 3752
 24410 0.005819 146460 146514 3816
 24510 0.005642 147060 147114 3816
 24610 0.006138 147660 147714 3752
 24710 0.005868 148260 148314 3820
 24810 0.005548 148860 148914 3820
 24910 0.006276 149460 149514 3756
 25010 0.005519 150060 150114 3824
 25110 0.005307 150660 150714 3824
 25210 0.006766 151260 151314 3756
 25310 0.005183 151860 151914 3824
 25410 0.005116 152460 152514 3824
 25510 0.005079 153060 153114 3756
 25610 0.005114 153660 153714 3828
 25710 0.005290 154260 154314 3828
 25810 0.005163 154860 154914 3760
 25910 0.005224 155460 155514 3832
 26010 0.005205 156060 156114 3832
 26110 0.005263 156660 156714 3760
 26210 0.005489 157260 157314 3836
 26310 0.005291 157860 157914 3836
 26410 0.005482 158460 158514 3760
 26510 0.005362 159060 159114 3840
 26610 0.005711 159660 159714 3840
 26710 0.005790 160260 160314 3760
 26810 0.005866 160860 160914 3844
 26910 0.006297 161460 161514 3844
 27010 0.006595 162060 162114 3764
 27110 0.006606 162660 162714 3848
 27210 0.006461 163260 163314 3848
 27310 0.006079 163860 163914 3764
 27410 0.006333 164460 164514 3852
 27510 0.007799 165060 165114 3852
 27610 0.006656 165660 165714 3764
 27710 0.006197 166260 166314 3852
 27810 0.007140 166860 166914 3852
 27910 0.006627 167460 167514 3768
 28010 0.006557 168060 168114 3856
 28110 0.006869 168660 168714 3856
 28210 0.005813 169260 169314 3768
 28310 0.007538 169860 169914 3860
 28410 0.006188 170460 170514 3860
 28510 0.006318 171060 171114 3768
 28610 0.006757 171660 171714 3864
 28710 0.006976 172260 172314 3864
 28810 0.006275 172860 172914 3768
 28910 0.006075 173460 173514 3868
 29010 0.007106 174060 174114 3868
 29110 0.006711 174660 174714 3772
 29210 0.006652 175260 175314 3872
 29310 0.006323 175860 175914 3872
 29410 0.005876 176460 176514 3772
 29510 0.006163 177060 177114 3876
 29610 0.005916 177660 177714 3876
 29710 0.006045 178260 178314 3772
 29810 0.006098 178860 178914 3880
 29910 0.005954 179460 179514 3880
 30010 0.005967 180060 180114 3776
 30110 0.006030 180660 180714 3880
 30210 0.006139 181260 181314 3880
 30310 0.006180 181860 181914 3776
 30410 0.006149 182460 182514 3884
 30510 0.007428 183060 183114 3884
 30610 0.007547 183660 183714 3776
 30710 0.006479 184260 184314 3888
 30810 0.007334 184860 184914 3888
 30910 0.006824 185460 185514 3780
 31010 0.007117 186060 186114 3892
 31110 0.006940 186660 186714 3892
 31210 0.007229 187260 187314 3780
 31310 0.006508 187860 187914 3896
 31410 0.006977 188460 188514 3896
 31510 0.006578 189060 189114 3780
 31610 0.006767 189660 189714 3900
 31710 0.006331 190260 190314 3900
 31810 0.006360 190860 190914 3780
 31910 0.006438 191460 191514 3904
 32010 0.006493 192060 192114 3904
 32110 0.006357 192660 192714 3784
 32210 0.006542 193260 193314 3908
 32310 0.006706 193860 193914 3908
 32410 0.006432 194460 194514 3784
 32510 0.021313 195060 195114 3908
 32610 0.006470 195660 195714 3908
 32710 0.006551 196260 196314 3784
 32810 0.006640 196860 196914 3784
 32910 0.006666 197460 197514 3784
 33010 0.006662 198060 198114 3788
 33110 0.006635 198660 198714 3788
 33210 0.006745 199260 199314 3788
 33310 0.007035 199860 199914 3788
 33410 0.007099 200460 200514 3788
 33510 0.006745 201060 201114 3788
 33610 0.006703 201660 201714 3788
 33710 0.006864 202260 202314 3788
 33810 0.006833 202860 202914 3788
 33910 0.007133 203460 203514 3788
 34010 0.006886 204060 204114 3788
 34110 0.006864 204660 204714 3788
 34210 0.007158 205260 205314 3792
 34310 0.007075 205860 205914 3792
 34410 0.007482 206460 206514 3792
 34510 0.007113 207060 207114 3792
 34610 0.008414 207660 207714 3792
 34710 0.007232 208260 208314 3792
 34810 0.006932 208860 208914 3792
 34910 0.007292 209460 209514 3800
 35010 0.006971 210060 210114 3800
 35110 0.007102 210660 210714 3796
 35210 0.007211 211260 211314 3796
 35310 0.007274 211860 211914 3796
 35410 0.007378 212460 212514 3796
 35510 0.007275 213060 213114 3796
 35610 0.007171 213660 213714 3796
 35710 0.007395 214260 214314 3796
 35810 0.007515 214860 214914 3796
 35910 0.008039 215460 215514 3796
 36010 0.007471 216060 216114 3800
 36110 0.007403 216660 216714 3800
 36210 0.007827 217260 217314 3800
 36310 0.007328 217860 217914 3800
 36410 0.007993 218460 218514 3800
 36510 0.007475 219060 219114 3800
 36610 0.008642 219660 219714 3800
 36710 0.009899 220260 220314 3800
 36810 0.009715 220860 220914 3800
 36910 0.007585 221460 221514 3800
 37010 0.008287 222060 222114 3800
 37110 0.007699 222660 222714 3800
 37210 0.007807 223260 223314 3804
 37310 0.007934 223860 223914 3804
 37410 0.007697 224460 224514 3804
 37510 0.007819 225060 225114 3804
 37610 0.007594 225660 225714 3804
 37710 0.007641 226260 226314 3804
 37810 0.007847 226860 226914 3804
 37910 0.008110 227460 227514 3824
 38010 0.008009 228060 228114 3824
 38110 0.008407 228660 228714 3808
 38210 0.008414 229260 229314 3808
 38310 0.008219 229860 229914 3808
 38410 0.008104 230460 230514 3808
 38510 0.008313 231060 231114 3808
 38610 0.008451 231660 231714 3808
 38710 0.008141 232260 232314 3808
 38810 0.009010 232860 232914 3808
 38910 0.008187 233460 233514 3808
 39010 0.008491 234060 234114 3808
 39110 0.008706 234660 234714 3808
 39210 0.008606 235260 235314 3808
 39310 0.008407 235860 235914 3812
 39410 0.007889 236460 236514 3812
 39510 0.008084 237060 237114 3812
 39610 0.008031 237660 237714 3812
 39710 0.007932 238260 238314 3812
 39810 0.008123 238860 238914 3812
 39910 0.007994 239460 239514 3812
 40010 0.008111 240060 240114 3840
 40110 0.008075 240660 240714 3840
 40210 0.008176 241260 241314 3816
 40310 0.008076 241860 241914 3816
 40410 0.008062 242460 242514 3816
 40510 0.008216 243060 243114 3816
 40610 0.008222 243660 243714 3816
 40710 0.008085 244260 244314 3816
 40810 0.008321 244860 244914 3816
 40910 0.008213 245460 245514 3816
 41010 0.008138 246060 246114 3816
 41110 0.008271 246660 246714 3816
 41210 0.008495 247260 247314 3816
 41310 0.008269 247860 247914 3816
 41410 0.008250 248460 248514 3820
 41510 0.008560 249060 249114 3820
 41610 0.008392 249660 249714 3820
 41710 0.008734 250260 250314 3820
 41810 0.009473 250860 250914 3820
 41910 0.008555 251460 251514 3820
 42010 0.008626 252060 252114 3820
 42110 0.008720 252660 252714 3820
 42210 0.008705 253260 253314 3820
 42310 0.009014 253860 253914 3824
 42410 0.009000 254460 254514 3824
 42510 0.009050 255060 255114 3824
 42610 0.008808 255660 255714 3824
 42710 0.008830 256260 256314 3824
 42810 0.008953 256860 256914 3824
 42910 0.008598 257460 257514 3824
 43010 0.010797 258060 258114 3864
 43110 0.008793 258660 258714 3864
 43210 0.008707 259260 259314 3828
 43310 0.008717 259860 259914 3828
 43410 0.008815 260460 260514 3828
 43510 0.008644 261060 261114 3828
 43610 0.008774 261660 261714 3828
 43710 0.008903 262260 262314 3828
 43810 0.008819 262860 262914 3828
 43910 0.008780 263460 263514 3828
 44010 0.008908 264060 264114 3828
 44110 0.009006 264660 264714 3828
 44210 0.008911 265260 265314 3828
 44310 0.008876 265860 265914 3828
 44410 0.008889 266460 266514 3832
 44510 0.008949 267060 267114 3832
 44610 0.008868 267660 267714 3832
 44710 0.009136 268260 268314 3832
 44810 0.009021 268860 268914 3832
 44910 0.008832 269460 269514 3832
 45010 0.009244 270060 270114 3832
 45110 0.009077 270660 270714 3880
 45210 0.009001 271260 271314 3880
 45310 0.009422 271860 271914 3836
 45410 0.009230 272460 272514 3836
 45510 0.009066 273060 273114 3836
 45610 0.009238 273660 273714 3836
 45710 0.009502 274260 274314 3836
 45810 0.009492 274860 274914 3836
 45910 0.009735 275460 275514 3836
 46010 0.009438 276060 276114 3836
 46110 0.009358 276660 276714 3836
 46210 0.009905 277260 277314 3836
 46310 0.009478 277860 277914 3836
 46410 0.009681 278460 278514 3836
 46510 0.009812 279060 279114 3840
 46610 0.009784 279660 279714 3840
 46710 0.010160 280260 280314 3840
 46810 0.009858 280860 280914 3840
 46910 0.009865 281460 281514 3840
 47010 0.009951 282060 282114 3840
 47110 0.009423 282660 282714 3840
 47210 0.009841 283260 283314 3840
 47310 0.010014 283860 283914 3840
 47410 0.015007 284460 284514 3844
 47510 0.014269 285060 285114 3844
 47610 0.009892 285660 285714 3844
 47710 0.009761 286260 286314 3844
 47810 0.010103 286860 286914 3844
 47910 0.019774 287460 287514 3844
 48010 0.010414 288060 288114 3844
 48110 0.009965 288660 288714 3844
 48210 0.009962 289260 289314 3844
 48310 0.010112 289860 289914 3848
 48410 0.009985 290460 290514 3848
 48510 0.010080 291060 291114 3848
 48610 0.009942 291660 291714 3848
 48710 0.009975 292260 292314 3848
 48810 0.010260 292860 292914 3848
 48910 0.010053 293460 293514 3848
 49010 0.010319 294060 294114 3848
 49110 0.010701 294660 294714 3848
 49210 0.010292 295260 295314 3848
 49310 0.010416 295860 295914 3848
 49410 0.011819 296460 296514 3848
 49510 0.010241 297060 297114 3852
 49610 0.010337 297660 297714 3852
 49710 0.010325 298260 298314 3852
 49810 0.010246 298860 298914 3852
 49910 0.010404 299460 299514 3852
 50010 0.010094 300060 300114 4112
 50110 0.010212 300660 300714 3852
 50210 0.010411 301260 301314 3920
 50310 0.010092 301860 301914 3920
 50410 0.010722 302460 302514 3856
 50510 0.010611 303060 303114 4116
 50610 0.010714 303660 303714 4116
 50710 0.011360 304260 304314 3856
 50810 0.010677 304860 304914 4116
 50910 0.011849 305460 305514 4116
 51010 0.010518 306060 306114 3856
 51110 0.010589 306660 306714 4116
 51210 0.011053 307260 307314 4116
 51310 0.010812 307860 307914 3856
 51410 0.011930 308460 308514 4116
 51510 0.010745 309060 309114 4116
 51610 0.010639 309660 309714 3860
 51710 0.010828 310260 310314 4120
 51810 0.010280 310860 310914 4120
 51910 0.010392 311460 311514 3860
 52010 0.010817 312060 312114 4120
 52110 0.010428 312660 312714 4120
 52210 0.010993 313260 313314 3860
 52310 0.010898 313860 313914 3936
 52410 0.010849 314460 314514 3936
 52510 0.011092 315060 315114 3864
 52610 0.010912 315660 315714 4124
 52710 0.010754 316260 316314 4124
 52810 0.010777 316860 316914 3864
 52910 0.010790 317460 317514 4124
 53010 0.011416 318060 318114 4124
 53110 0.012705 318660 318714 3864
 53210 0.012086 319260 319314 4124
 53310 0.010875 319860 319914 4124
 53410 0.010964 320460 320514 3868
 53510 0.011581 321060 321114 4128
 53610 0.011121 321660 321714 4128
 53710 0.011317 322260 322314 3868
 53810 0.011012 322860 322914 4128
 53910 0.010630 323460 323514 4128
 54010 0.011621 324060 324114 3868
 54110 0.011165 324660 324714 4128
 54210 0.011000 325260 325314 4128
 54310 0.011823 325860 325914 3868
 54410 0.011335 326460 326514 4128
 54510 0.011380 327060 327114 4128
 54610 0.011639 327660 327714 3872
 54710 0.012004 328260 328314 4132
 54810 0.011345 328860 328914 4132
 54910 0.012401 329460 329514 3872
 55010 0.011620 330060 330114 4132
 55110 0.010980 330660 330714 4132
 55210 0.011612 331260 331314 3872
 55310 0.011175 331860 331914 3960
 55410 0.011250 332460 332514 3960
 55510 0.011106 333060 333114 3876
 55610 0.012364 333660 333714 4136
 55710 0.011631 334260 334314 4136
 55810 0.011279 334860 334914 3876
 55910 0.011336 335460 335514 4136
 56010 0.011256 336060 336114 4136
 56110 0.011185 336660 336714 3876
 56210 0.011491 337260 337314 4136
 56310 0.013071 337860 337914 4136
 56410 0.011684 338460 338514 3876
 56510 0.011314 339060 339114 4136
 56610 0.011409 339660 339714 4136
 56710 0.013677 340260 340314 3880
 56810 0.011493 340860 340914 4140
 56910 0.011568 341460 341514 4140
 57010 0.012120 342060 342114 3880
 57110 0.011877 342660 342714 4140
 57210 0.011667 343260 343314 4140
 57310 0.011765 343860 343914 3880
 57410 0.011875 344460 344514 3976
 57510 0.011999 345060 345114 3976
 57610 0.012876 345660 345714 3884
 57710 0.011822 346260 346314 4144
 57810 0.011685 346860 346914 4144
 57910 0.011792 347460 347514 3884
 58010 0.011832 348060 348114 4144
 58110 0.011965 348660 348714 4144
 58210 0.013244 349260 349314 3884
 58310 0.012323 349860 349914 4144
 58410 0.012483 350460 350514 4144
 58510 0.012513 351060 351114 3884
 58610 0.012509 351660 351714 4144
 58710 0.011967 352260 352314 4144
 58810 0.012103 352860 352914 3888
 58910 0.013730 353460 353514 4148
 59010 0.012027 354060 354114 4148
 59110 0.012015 354660 354714 3888
 59210 0.011906 355260 355314 4148
 59310 0.012571 355860 355914 4148
 59410 0.012537 356460 356514 3888
 59510 0.012427 357060 357114 4148
 59610 0.012633 357660 357714 4148
 59710 0.012221 358260 358314 3892
 59810 0.012361 358860 358914 4152
 59910 0.012081 359460 359514 4152
 60010 0.012137 360060 360114 3892
 60110 0.013009 360660 360714 4152
 60210 0.014653 361260 361314 4152
 60310 0.013895 361860 361914 3892
 60410 0.015588 362460 362514 4152
 60510 0.013972 363060 363114 4152
 60610 0.013686 363660 363714 3896
 60710 0.013786 364260 364314 4156
 60810 0.012332 364860 364914 4156
 60910 0.012843 365460 365514 3896
 61010 0.012558 366060 366114 4156
 61110 0.012798 366660 366714 4156
 61210 0.012517 367260 367314 3896
 61310 0.013219 367860 367914 4156
 61410 0.013343 368460 368514 4156
 61510 0.013483 369060 369114 3896
 61610 0.012938 369660 369714 4156
 61710 0.016374 370260 370314 4156
 61810 0.012882 370860 370914 3900
 61910 0.012856 371460 371514 4160
 62010 0.012428 372060 372114 4160
 62110 0.013240 372660 372714 3900
 62210 0.013364 373260 373314 4160
 62310 0.012793 373860 373914 4160
 62410 0.013159 374460 374514 3900
 62510 0.012713 375060 375114 4016
 62610 0.013151 375660 375714 4016
 62710 0.012613 376260 376314 3904
 62810 0.013094 376860 376914 4164
 62910 0.015456 377460 377514 4164
 63010 0.014313 378060 378114 3904
 63110 0.014315 378660 378714 4164
 63210 0.012931 379260 379314 4164
 63310 0.012659 379860 379914 3904
 63410 0.013127 380460 380514 4164
 63510 0.012681 381060 381114 4164
 63610 0.013661 381660 381714 3904
 63710 0.013347 382260 382314 4164
 63810 0.013018 382860 382914 4164
 63910 0.013165 383460 383514 3908
 64010 0.014064 384060 384114 4168
 64110 0.013953 384660 384714 4168
 64210 0.015171 385260 385314 3908
 64310 0.014202 385860 385914 4168
 64410 0.014381 386460 386514 4168
 64510 0.014462 387060 387114 3908
 64610 0.014652 387660 387714 4168
 64710 0.014425 388260 388314 4168
 64810 0.013740 388860 388914 3912
 64910 0.014044 389460 389514 4172
 65010 0.013578 390060 390114 4172
 65110 0.013505 390660 390714 3912
 65210 0.015472 391260 391314 4172
 65310 0.013630 391860 391914 4172
 65410 0.014612 392460 392514 3912
 65510 0.015482 393060 393114 4172
 65610 0.013842 393660 393714 4172
 65710 0.013591 394260 394314 3916
 65810 0.013378 394860 394914 4176
 65910 0.013320 395460 395514 4176
 66010 0.013859 396060 396114 3916
 66110 0.013454 396660 396714 4176
 66210 0.013655 397260 397314 4176
 66310 0.013557 397860 397914 3916
 66410 0.014012 398460 398514 4176
 66510 0.013472 399060 399114 4176
 66610 0.014410 399660 399714 3916
 66710 0.013605 400260 400314 4176
 66810 0.014011 400860 400914 4176
 66910 0.014280 401460 401514 3920
 67010 0.014819 402060 402114 4180
 67110 0.016423 402660 402714 4180
 67210 0.017461 403260 403314 3920
 67310 0.015725 403860 403914 4180
 67410 0.013747 404460 404514 4180
 67510 0.013766 405060 405114 3920
 67610 0.013939 405660 405714 4316
 67710 0.013518 406260 406314 4316
 67810 0.013612 406860 406914 3924
 67910 0.013561 407460 407514 4184
 68010 0.013894 408060 408114 4184
 68110 0.018379 408660 408714 3924
 68210 0.013901 409260 409314 4184
 68310 0.013791 409860 409914 4184
 68410 0.013845 410460 410514 3924
 68510 0.013893 411060 411114 4184
 68610 0.013692 411660 411714 4184
 68710 0.013975 412260 412314 3924
 68810 0.013915 412860 412914 4184
 68910 0.013846 413460 413514 4184
 69010 0.013941 414060 414114 3928
 69110 0.013909 414660 414714 4188
 69210 0.013806 415260 415314 4188
 69310 0.014462 415860 415914 3928
 69410 0.014611 416460 416514 4188
 69510 0.014553 417060 417114 4188
 69610 0.014640 417660 417714 3928
 69710 0.014699 418260 418314 4332
 69810 0.014561 418860 418914 4332
 69910 0.015520 419460 419514 3932
 70010 0.016906 420060 420114 4192
 70110 0.014905 420660 420714 4192
 70210 0.014282 421260 421314 3932
 70310 0.014281 421860 421914 4192
 70410 0.014044 422460 422514 4192
 70510 0.019482 423060 423114 3932
 70610 0.014241 423660 423714 4192
 70710 0.014261 424260 424314 4192
 70810 0.015122 424860 424914 3932
 70910 0.014576 425460 425514 4192
 71010 0.014846 426060 426114 4192
 71110 0.014829 426660 426714 3936
 71210 0.014430 427260 427314 4196
 71310 0.014342 427860 427914 4196
 71410 0.014724 428460 428514 3936
 71510 0.014580 429060 429114 4196
 71610 0.015379 429660 429714 4196
 71710 0.015078 430260 430314 3936
 71810 0.015141 430860 430914 4196
 71910 0.014537 431460 431514 4196
 72010 0.014749 432060 432114 3940
 72110 0.015061 432660 432714 4200
 72210 0.014780 433260 433314 4200
 72310 0.014468 433860 433914 3940
 72410 0.014605 434460 434514 4200
 72510 0.014550 435060 435114 4200
 72610 0.014617 435660 435714 3940
 72710 0.014766 436260 436314 4356
 72810 0.014575 436860 436914 4356
 72910 0.014837 437460 437514 3944
 73010 0.014635 438060 438114 4204
 73110 0.014850 438660 438714 4204
 73210 0.015051 439260 439314 3944
 73310 0.015466 439860 439914 4204
 73410 0.014794 440460 440514 4204
 73510 0.015086 441060 441114 3944
 73610 0.015418 441660 441714 4204
 73710 0.015923 442260 442314 4204
 73810 0.015780 442860 442914 3944
 73910 0.015264 443460 443514 4204
 74010 0.015028 444060 444114 4204
 74110 0.014988 444660 444714 3948
 74210 0.014976 445260 445314 4208
 74310 0.014909 445860 445914 4208
 74410 0.015298 446460 446514 3948
 74510 0.014898 447060 447114 4208
 74610 0.015020 447660 447714 4208
 74710 0.017474 448260 448314 3948
 74810 0.015362 448860 448914 4372
 74910 0.015063 449460 449514 4372
 75010 0.015300 450060 450114 3952
 75110 0.015444 450660 450714 4212
 75210 0.015068 451260 451314 4212
 75310 0.015519 451860 451914 3952
 75410 0.015473 452460 452514 4212
 75510 0.016440 453060 453114 4212
 75610 0.016025 453660 453714 3952
 75710 0.016258 454260 454314 4212
 75810 0.015514 454860 454914 4212
 75910 0.015515 455460 455514 3952
 76010 0.015403 456060 456114 4212
 76110 0.015298 456660 456714 4212
 76210 0.015586 457260 457314 3956
 76310 0.015403 457860 457914 4216
 76410 0.015765 458460 458514 4216
 76510 0.015392 459060 459114 3956
 76610 0.015846 459660 459714 4216
 76710 0.015677 460260 460314 4216
 76810 0.016059 460860 460914 3956
 76910 0.015692 461460 461514 4216
 77010 0.015505 462060 462114 4216
 77110 0.016683 462660 462714 3960
 77210 0.017915 463260 463314 4220
 77310 0.016553 463860 463914 4220
 77410 0.016357 464460 464514 3960
 77510 0.015801 465060 465114 4220
 77610 0.016061 465660 465714 4220
 77710 0.015620 466260 466314 3960
 77810 0.015691 466860 466914 4220
 77910 0.015828 467460 467514 4220
 78010 0.015696 468060 468114 3964
 78110 0.015928 468660 468714 4224
 78210 0.016602 469260 469314 4224
 78310 0.017171 469860 469914 3964
 78410 0.016557 470460 470514 4224
 78510 0.015745 471060 471114 4224
 78610 0.015998 471660 471714 3964
 78710 0.016309 472260 472314 4224
 78810 0.020032 472860 472914 4224
 78910 0.016154 473460 473514 3964
 79010 0.016569 474060 474114 4224
 79110 0.016407 474660 474714 4224
 79210 0.017548 475260 475314 3968
 79310 0.017238 475860 475914 4228
 79410 0.018790 476460 476514 4228
 79510 0.017497 477060 477114 3968
 79610 0.018936 477660 477714 4228
 79710 0.017173 478260 478314 4228
 79810 0.021046 478860 478914 3968
 79910 0.017449 479460 479514 4412
 80010 0.029044 480060 480114 4412
 80110 0.016463 480660 480714 3972
 80210 0.017980 481260 481314 4232
 80310 0.016120 481860 481914 4232
 80410 0.016651 482460 482514 3972
 80510 0.017339 483060 483114 4232
 80610 0.016337 483660 483714 4232
 80710 0.016545 484260 484314 3972
 80810 0.017357 484860 484914 4232
 80910 0.016918 485460 485514 4232
 81010 0.018420 486060 486114 3972
 81110 0.017118 486660 486714 4232
 81210 0.017776 487260 487314 4232
 81310 0.017199 487860 487914 3976
 81410 0.016673 488460 488514 4236
 81510 0.021933 489060 489114 4236
 81610 0.016921 489660 489714 3976
 81710 0.016704 490260 490314 4236
 81810 0.017315 490860 490914 4236
 81910 0.016787 491460 491514 3976
 82010 0.017123 492060 492114 4428
 82110 0.018370 492660 492714 4428
 82210 0.017187 493260 493314 3980
 82310 0.017326 493860 493914 4240
 82410 0.017578 494460 494514 4240
 82510 0.017554 495060 495114 3980
 82610 0.017830 495660 495714 4240
 82710 0.017218 496260 496314 4240
 82810 0.017179 496860 496914 3980
 82910 0.017433 497460 497514 4240
 83010 0.017462 498060 498114 4240
 83110 0.017724 498660 498714 3984
 83210 0.018706 499260 499314 4244
 83310 0.020788 499860 499914 4244
 83410 0.017353 500460 500514 3984
 83510 0.017398 501060 501114 4244
 83610 0.018442 501660 501714 4244
 83710 0.018255 502260 502314 3984
 83810 0.019482 502860 502914 4508
 83910 0.018706 503460 503514 4508
 84010 0.018178 504060 504114 3984
 84110 0.018247 504660 504714 4508
 84210 0.017213 505260 505314 4508
 84310 0.017620 505860 505914 3988
 84410 0.018773 506460 506514 4512
 84510 0.017412 507060 507114 4512
 84610 0.017900 507660 507714 3988
 84710 0.018953 508260 508314 4512
 84810 0.017584 508860 508914 4512
 84910 0.018992 509460 509514 3988
 85010 0.017710 510060 510114 4452
 85110 0.018034 510660 510714 4452
 85210 0.018447 511260 511314 3992
 85310 0.019907 511860 511914 4516
 85410 0.017823 512460 512514 4516
 85510 0.018122 513060 513114 3992
 85610 0.017632 513660 513714 4516
 85710 0.018067 514260 514314 4516
 85810 0.019697 514860 514914 3992
 85910 0.017689 515460 515514 4516
 86010 0.018258 516060 516114 4516
 86110 0.018070 516660 516714 3992
 86210 0.019974 517260 517314 4516
 86310 0.017968 517860 517914 4516
 86410 0.018672 518460 518514 3996
 86510 0.018223 519060 519114 4520
 86610 0.018393 519660 519714 4520
 86710 0.018590 520260 520314 3996
 86810 0.018306 520860 520914 4520
 86910 0.018601 521460 521514 4520
 87010 0.018388 522060 522114 3996
 87110 0.022163 522660 522714 4468
 87210 0.018832 523260 523314 4468
 87310 0.018658 523860 523914 4000
 87410 0.018339 524460 524514 4524
 87510 0.018995 525060 525114 4524
 87610 0.018585 525660 525714 4000
 87710 0.017845 526260 526314 4524
 87810 0.018823 526860 526914 4524
 87910 0.018866 527460 527514 4000
 88010 0.018719 528060 528114 4524
 88110 0.019799 528660 528714 4524
 88210 0.018842 529260 529314 4000
 88310 0.018755 529860 529914 4524
 88410 0.019088 530460 530514 4524
 88510 0.019033 531060 531114 4004
 88610 0.021700 531660 531714 4528
 88710 0.019602 532260 532314 4528
 88810 0.022065 532860 532914 4004
 88910 0.019050 533460 533514 4528
 89010 0.019940 534060 534114 4528
 89110 0.018526 534660 534714 4004
 89210 0.018409 535260 535314 4528
 89310 0.018300 535860 535914 4528
 89410 0.018359 536460 536514 4008
 89510 0.018202 537060 537114 4532
 89610 0.018321 537660 537714 4532
 89710 0.019388 538260 538314 4008
 89810 0.018550 538860 538914 4532
 89910 0.018372 539460 539514 4532
 90010 0.019121 540060 540114 4008
 90110 0.019996 540660 540714 4492
 90210 0.019416 541260 541314 4492
 90310 0.019667 541860 541914 4012
 90410 0.019864 542460 542514 4536
 90510 0.020144 543060 543114 4536
 90610 0.020193 543660 543714 4012
 90710 0.019771 544260 544314 4536
 90810 0.019292 544860 544914 4536
 90910 0.020735 545460 545514 4012
 91010 0.019429 546060 546114 4536
 91110 0.019976 546660 546714 4536
 91210 0.020637 547260 547314 4012
 91310 0.020382 547860 547914 4536
 91410 0.020728 548460 548514 4536
 91510 0.020778 549060 549114 4016
 91610 0.019219 549660 549714 4540
 91710 0.019332 550260 550314 4540
 91810 0.019559 550860 550914 4016
 91910 0.019742 551460 551514 4540
 92010 0.018482 552060 552114 4540
 92110 0.020027 552660 552714 4016
 92210 0.021882 553260 553314 4508
 92310 0.022199 553860 553914 4508
 92410 0.021962 554460 554514 4020
 92510 0.020530 555060 555114 4544
 92610 0.019150 555660 555714 4544
 92710 0.018737 556260 556314 4020
 92810 0.018790 556860 556914 4544
 92910 0.019045 557460 557514 4544
 93010 0.020482 558060 558114 4020
 93110 0.020197 558660 558714 4544
 93210 0.019294 559260 559314 4544
 93310 0.020277 559860 559914 4020
 93410 0.020207 560460 560514 4544
 93510 0.019361 561060 561114 4544
 93610 0.019771 561660 561714 4024
 93710 0.020070 562260 562314 4548
 93810 0.021711 562860 562914 4548
 93910 0.019864 563460 563514 4024
 94010 0.019737 564060 564114 4548
 94110 0.019592 564660 564714 4548
 94210 0.020394 565260 565314 4024
 94310 0.021172 565860 565914 4548
 94410 0.020880 566460 566514 4548
 94510 0.021909 567060 567114 4028
 94610 0.020037 567660 567714 4552
 94710 0.020736 568260 568314 4552
 94810 0.020006 568860 568914 4028
 94910 0.020234 569460 569514 4552
 95010 0.020126 570060 570114 4552
 95110 0.019564 570660 570714 4028
 95210 0.019570 571260 571314 4552
 95310 0.021598 571860 571914 4552
 95410 0.019840 572460 572514 4032
 95510 0.019289 573060 573114 4556
 95610 0.019888 573660 573714 4556
 95710 0.019057 574260 574314 4032
 95810 0.019569 574860 574914 4556
 95910 0.019138 575460 575514 4556
 96010 0.020664 576060 576114 4032
 96110 0.020569 576660 576714 4556
 96210 0.019867 577260 577314 4556
 96310 0.019817 577860 577914 4032
 96410 0.019759 578460 578514 4556
 96510 0.019771 579060 579114 4556
 96610 0.032706 579660 579714 4036
 96710 0.019868 580260 580314 4560
 96810 0.020417 580860 580914 4560
 96910 0.019828 581460 581514 4036
 97010 0.019864 582060 582114 4560
 97110 0.020680 582660 582714 4560
 97210 0.021402 583260 583314 4036
 97310 0.021051 583860 583914 4548
 97410 0.020865 584460 584514 4548
 97510 0.020955 585060 585114 4040
 97610 0.021690 585660 585714 4564
 97710 0.020848 586260 586314 4564
 97810 0.021732 586860 586914 4040
 97910 0.020084 587460 587514 4564
 98010 0.019898 588060 588114 4564
 98110 0.022887 588660 588714 4040
 98210 0.019878 589260 589314 4564
 98310 0.020057 589860 589914 4564
 98410 0.021932 590460 590514 4040
 98510 0.020507 591060 591114 4564
 98610 0.024413 591660 591714 4564
 98710 0.020650 592260 592314 4044
 98810 0.021002 592860 592914 4568
 98910 0.020910 593460 593514 4568
 99010 0.021065 594060 594114 4044
 99110 0.020766 594660 594714 4568
 99210 0.020861 595260 595314 4568
 99310 0.020568 595860 595914 4044
 99410 0.020503 596460 596514 4564
 99510 0.019975 597060 597114 4564
 99610 0.020032 597660 597714 4048
 99710 0.020351 598260 598314 4572
 99810 0.020431 598860 598914 4572
 99910 0.020075 599460 599514 4048
