 10 0.000085 20 38 1772
 110 0.000031 330 357 1772
 210 0.000038 630 657 1772
 310 0.000068 930 957 1772
 410 0.000064 1230 1257 1772
 510 0.000100 2040 2076 1772
 610 0.000111 2440 2476 1772
 710 0.000121 2840 2876 1772
 810 0.000143 3240 3276 1772
 910 0.000158 3640 3676 1772
 1010 0.000182 4040 4076 1772
 1110 0.000195 4440 4476 1772
 1210 0.000196 4840 4876 1772
 1310 0.000250 5240 5276 1772
 1410 0.000230 5640 5676 1772
 1510 0.000228 6040 6076 1772
 1610 0.000240 6440 6476 1772
 1710 0.000274 6840 6876 1772
 1810 0.000280 7240 7276 1772
 1910 0.000291 7640 7676 1772
 2010 0.000274 8040 8076 1772
 2110 0.000303 8440 8476 1772
 2210 0.000359 8840 8876 1772
 2310 0.000316 9240 9276 1772
 2410 0.000342 9640 9676 1772
 2510 0.000357 10040 10076 1772
 2610 0.000473 10440 10476 1772
 2710 0.000388 10840 10876 1772
 2810 0.000447 11240 11276 1772
 2910 0.000389 11640 11676 1772
 3010 0.000421 12040 12076 1772
 3110 0.000455 12440 12476 1772
 3210 0.000489 12840 12876 1772
 3310 0.000443 13240 13276 1772
 3410 0.000488 13640 13676 1772
 3510 0.000548 14040 14076 1772
 3610 0.000538 14440 14476 1772
 3710 0.000512 14840 14876 1772
 3810 0.000618 15240 15276 1772
 3910 0.000851 15640 15676 1772
 4010 0.000708 16040 16076 1772
 4110 0.000668 16440 16476 1772
 4210 0.000612 16840 16876 1772
 4310 0.000660 17240 17276 3636
 4410 0.000685 17640 17676 3636
 4510 0.000658 18040 18076 3636
 4610 0.000701 18440 18476 3636
 4710 0.000749 18840 18876 3636
 4810 0.000689 19240 19276 3636
 4910 0.000778 19640 19676 3636
 5010 0.001081 25050 25095 3636
 5110 0.000983 25550 25595 3636
 5210 0.000898 26050 26095 3636
 5310 0.000859 26550 26595 3636
 5410 0.000960 27050 27095 3636
 5510 0.000957 27550 27595 3636
 5610 0.000969 28050 28095 3636
 5710 0.001001 28550 28595 3636
 5810 0.001171 29050 29095 3636
 5910 0.001082 29550 29595 3636
 6010 0.001003 30050 30095 3636
 6110 0.001491 30550 30595 3636
 6210 0.001046 31050 31095 3636
 6310 0.001053 31550 31595 3636
 6410 0.001353 32050 32095 3636
 6510 0.001520 32550 32595 3636
 6610 0.001128 33050 33095 3636
 6710 0.001112 33550 33595 3636
 6810 0.001139 34050 34095 3636
 6910 0.001182 34550 34595 3636
 7010 0.001199 35050 35095 3636
 7110 0.001171 35550 35595 3636
 7210 0.001255 36050 36095 3636
 7310 0.001229 36550 36595 3636
 7410 0.001218 37050 37095 3636
 7510 0.001243 37550 37595 3636
 7610 0.001323 38050 38095 3636
 7710 0.001307 38550 38595 3636
 7810 0.001272 39050 39095 3636
 7910 0.001322 39550 39595 3636
 8010 0.001349 40050 40095 3636
 8110 0.001355 40550 40595 3636
 8210 0.001363 41050 41095 3636
 8310 0.001349 41550 41595 3636
 8410 0.001404 42050 42095 3636
 8510 0.001418 42550 42595 3636
 8610 0.001396 43050 43095 3636
 8710 0.001469 43550 43595 3636
 8810 0.001466 44050 44095 3636
 8910 0.001468 44550 44595 3636
 9010 0.001485 45050 45095 3636
 9110 0.001526 45550 45595 3636
 9210 0.001496 46050 46095 3636
 9310 0.001531 46550 46595 3636
 9410 0.001575 47050 47095 3636
 9510 0.002150 47550 47595 3636
 9610 0.001604 48050 48095 3636
 9710 0.001648 48550 48595 3636
 9810 0.001759 49050 49095 3636
 9910 0.001753 49550 49595 3636
 10010 0.001669 50050 50095 3636
 10110 0.001647 50550 50595 3636
 10210 0.001680 51050 51095 3636
 10310 0.001714 51550 51595 3636
 10410 0.001760 52050 52095 3636
 10510 0.001749 52550 52595 3636
 10610 0.001776 53050 53095 3636
 10710 0.001772 53550 53595 3636
 10810 0.001819 54050 54095 3636
 10910 0.001827 54550 54595 3636
 11010 0.001822 55050 55095 3636
 11110 0.001844 55550 55595 3636
 11210 0.001878 56050 56095 3636
 11310 0.002211 56550 56595 3636
 11410 0.001918 57050 57095 3636
 11510 0.001995 57550 57595 3636
 11610 0.001926 58050 58095 3636
 11710 0.001947 58550 58595 3636
 11810 0.002222 59050 59095 3636
 11910 0.002117 59550 59595 3636
 12010 0.002016 60050 60095 3636
 12110 0.002043 60550 60595 3636
 12210 0.002008 61050 61095 3636
 12310 0.002032 61550 61595 3636
 12410 0.002041 62050 62095 3636
 12510 0.002057 62550 62595 3636
 12610 0.002263 63050 63095 3636
 12710 0.002212 63550 63595 3636
 12810 0.002151 64050 64095 3636
 12910 0.002171 64550 64595 3740
 13010 0.002189 65050 65095 3740
 13110 0.002174 65550 65595 3740
 13210 0.002200 66050 66095 3740
 13310 0.002180 66550 66595 3740
 13410 0.002226 67050 67095 3740
 13510 0.002235 67550 67595 3740
 13610 0.002243 68050 68095 3740
 13710 0.002234 68550 68595 3740
 13810 0.002439 69050 69095 3740
 13910 0.002309 69550 69595 3740
 14010 0.002294 70050 70095 3740
 14110 0.002308 70550 70595 3740
 14210 0.002326 71050 71095 3740
 14310 0.012218 71550 71595 3740
 14410 0.002467 72050 72095 3740
 14510 0.002364 72550 72595 3740
 14610 0.002696 73050 73095 3740
 14710 0.002679 73550 73595 3740
 14810 0.002492 74050 74095 3740
 14910 0.002490 74550 74595 3740
 15010 0.002458 75050 75095 3740
 15110 0.002452 75550 75595 3740
 15210 0.002524 76050 76095 3740
 15310 0.002543 76550 76595 3740
 15410 0.002495 77050 77095 3740
 15510 0.002552 77550 77595 3740
 15610 0.002633 78050 78095 3740
 15710 0.002854 78550 78595 3772
 15810 0.002659 79050 79095 3772
 15910 0.002624 79550 79595 3772
 16010 0.002639 80050 80095 3772
 16110 0.002667 80550 80595 3772
 16210 0.002662 81050 81095 3772
 16310 0.002670 81550 81595 3772
 16410 0.002687 82050 82095 3772
 16510 0.002697 82550 82595 3772
 16610 0.002720 83050 83095 3784
 16710 0.002888 83550 83595 3784
 16810 0.006246 84050 84095 3784
 16910 0.004482 84550 84595 3788
 17010 0.002778 85050 85095 3788
 17110 0.003260 85550 85595 3784
 17210 0.003898 86050 86095 3792
 17310 0.002827 86550 86595 3792
 17410 0.002890 87050 87095 3784
 17510 0.002972 87550 87595 3796
 17610 0.002856 88050 88095 3796
 17710 0.002915 88550 88595 3788
 17810 0.003064 89050 89095 3796
 17910 0.002931 89550 89595 3796
 18010 0.002979 90050 90095 3788
 18110 0.002996 90550 90595 3800
 18210 0.002997 91050 91095 3800
 18310 0.003034 91550 91595 3788
 18410 0.003247 92050 92095 3804
 18510 0.003021 92550 92595 3804
 18610 0.003069 93050 93095 3792
 18710 0.003102 93550 93595 3808
 18810 0.003149 94050 94095 3808
 18910 0.003112 94550 94595 3792
 19010 0.003177 95050 95095 3812
 19110 0.003116 95550 95595 3812
 19210 0.003339 96050 96095 3792
 19310 0.003250 96550 96595 3816
 19410 0.003158 97050 97095 3816
 19510 0.003226 97550 97595 3792
 19610 0.003354 98050 98095 3820
 19710 0.003236 98550 98595 3820
 19810 0.003273 99050 99095 3796
 19910 0.003379 99550 99595 3824
 20010 0.003251 100050 100095 3824
 20110 0.003660 100550 100595 3796
 20210 0.003728 101050 101095 3824
 20310 0.006785 101550 101595 3824
 20410 0.003588 102050 102095 3796
 20510 0.003411 102550 102595 3828
 20610 0.003328 103050 103095 3828
 20710 0.003721 103550 103595 3800
 20810 0.003519 104050 104095 3832
 20910 0.003384 104550 104595 3832
 21010 0.003459 105050 105095 3800
 21110 0.003624 105550 105595 3836
 21210 0.003439 106050 106095 3836
 21310 0.003508 106550 106595 3800
 21410 0.003517 107050 107095 3840
 21510 0.003677 107550 107595 3840
 21610 0.003594 108050 108095 3800
 21710 0.003605 108550 108595 3844
 21810 0.003531 109050 109095 3844
 21910 0.003579 109550 109595 3804
 22010 0.003669 110050 110095 3848
 22110 0.003598 110550 110595 3848
 22210 0.003677 111050 111095 3804
 22310 0.003615 111550 111595 3852
 22410 0.003653 112050 112095 3852
 22510 0.003758 112550 112595 3804
 22610 0.003927 113050 113095 3852
 22710 0.003734 113550 113595 3852
 22810 0.003769 114050 114095 3808
 22910 0.003805 114550 114595 3856
 23010 0.003899 115050 115095 3856
 23110 0.003888 115550 115595 3808
 23210 0.003837 116050 116095 3860
 23310 0.003784 116550 116595 3860
 23410 0.003887 117050 117095 3808
 23510 0.003860 117550 117595 3864
 23610 0.003835 118050 118095 3864
 23710 0.004035 118550 118595 3808
 23810 0.003929 119050 119095 3868
 23910 0.003941 119550 119595 3868
 24010 0.004359 120050 120095 3812
 24110 0.004019 120550 120595 3872
 24210 0.003956 121050 121095 3872
 24310 0.004057 121550 121595 3812
 24410 0.004209 122050 122095 3876
 24510 0.004019 122550 122595 3876
 24610 0.004044 123050 123095 3812
 24710 0.004053 123550 123595 3880
 24810 0.004042 124050 124095 3880
 24910 0.004071 124550 124595 3816
 25010 0.004308 125050 125095 3884
 25110 0.004065 125550 125595 3884
 25210 0.004129 126050 126095 3816
 25310 0.004254 126550 126595 3884
 25410 0.004122 127050 127095 3884
 25510 0.004202 127550 127595 3816
 25610 0.004217 128050 128095 3888
 25710 0.004347 128550 128595 3888
 25810 0.004230 129050 129095 3820
 25910 0.004249 129550 129595 3892
 26010 0.004256 130050 130095 3892
 26110 0.004297 130550 130595 3820
 26210 0.004366 131050 131095 3896
 26310 0.004421 131550 131595 3896
 26410 0.004347 132050 132095 3820
 26510 0.004477 132550 132595 3900
 26610 0.004307 133050 133095 3900
 26710 0.004395 133550 133595 3820
 26810 0.004438 134050 134095 3904
 26910 0.004583 134550 134595 3904
 27010 0.004418 135050 135095 3824
 27110 0.004462 135550 135595 3908
 27210 0.004422 136050 136095 3908
 27310 0.004499 136550 136595 3824
 27410 0.004510 137050 137095 3912
 27510 0.004758 137550 137595 3912
 27610 0.004578 138050 138095 3824
 27710 0.004688 138550 138595 3912
 27810 0.004537 139050 139095 3912
 27910 0.005135 139550 139595 3828
 28010 0.004644 140050 140095 3916
 28110 0.004706 140550 140595 3916
 28210 0.004680 141050 141095 3828
 28310 0.004683 141550 141595 3920
 28410 0.004640 142050 142095 3920
 28510 0.004659 142550 142595 3828
 28610 0.004792 143050 143095 3924
 28710 0.004712 143550 143595 3924
 28810 0.004694 144050 144095 3828
 28910 0.004847 144550 144595 3928
 29010 0.004685 145050 145095 3928
 29110 0.004862 145550 145595 3832
 29210 0.005003 146050 146095 3932
 29310 0.004784 146550 146595 3932
 29410 0.004804 147050 147095 3832
 29510 0.004874 147550 147595 3936
 29610 0.005289 148050 148095 3936
 29710 0.004893 148550 148595 3832
 29810 0.005012 149050 149095 3940
 29910 0.004864 149550 149595 3940
 30010 0.004967 150050 150095 3836
 30110 0.006899 150550 150595 3940
 30210 0.004933 151050 151095 3940
 30310 0.005198 151550 151595 3836
 30410 0.005018 152050 152095 3944
 30510 0.004923 152550 152595 3944
 30610 0.005025 153050 153095 3836
 30710 0.005116 153550 153595 3948
 30810 0.005112 154050 154095 3948
 30910 0.005048 154550 154595 3840
 31010 0.005168 155050 155095 3952
 31110 0.005049 155550 155595 3952
 31210 0.005148 156050 156095 3840
 31310 0.005291 156550 156595 3956
 31410 0.005187 157050 157095 3956
 31510 0.005253 157550 157595 3840
 31610 0.005189 158050 158095 3960
 31710 0.005141 158550 158595 3960
 31810 0.005200 159050 159095 3840
 31910 0.005371 159550 159595 3964
 32010 0.005158 160050 160095 3964
 32110 0.005279 160550 160595 3844
 32210 0.005306 161050 161095 3968
 32310 0.005262 161550 161595 3968
 32410 0.005467 162050 162095 3844
 32510 0.005450 162550 162595 3968
 32610 0.005281 163050 163095 3968
 32710 0.005387 163550 163595 3844
 32810 0.005439 164050 164095 3844
 32910 0.005438 164550 164595 3844
 33010 0.005459 165050 165095 3848
 33110 0.005572 165550 165595 3848
 33210 0.005367 166050 166095 3848
 33310 0.005479 166550 166595 3848
 33410 0.005699 167050 167095 3848
 33510 0.005507 167550 167595 3848
 33610 0.007274 168050 168095 3848
 33710 0.005513 168550 168595 3848
 33810 0.005748 169050 169095 3848
 33910 0.005744 169550 169595 3848
 34010 0.005208 170050 170095 3848
 34110 0.005519 170550 170595 3848
 34210 0.005653 171050 171095 3852
 34310 0.005807 171550 171595 3852
 34410 0.005803 172050 172095 3852
 34510 0.005649 172550 172595 3852
 34610 0.005644 173050 173095 3852
 34710 0.005639 173550 173595 3852
 34810 0.005943 174050 174095 3852
 34910 0.005710 174550 174595 3860
 35010 0.009726 175050 175095 3860
 35110 0.005795 175550 175595 3856
 35210 0.005913 176050 176095 3856
 35310 0.005695 176550 176595 3856
 35410 0.005747 177050 177095 3856
 35510 0.005765 177550 177595 3856
 35610 0.005824 178050 178095 3856
 35710 0.008950 178550 178595 3856
 35810 0.007242 179050 179095 3856
 35910 0.006458 179550 179595 3856
 36010 0.008171 180050 180095 3860
 36110 0.006266 180550 180595 3860
 36210 0.005970 181050 181095 3860
 36310 0.005989 181550 181595 3860
 36410 0.005880 182050 182095 3860
 36510 0.006034 182550 182595 3860
 36610 0.005978 183050 183095 3860
 36710 0.006027 183550 183595 3860
 36810 0.006022 184050 184095 3860
 36910 0.006297 184550 184595 3860
 37010 0.006085 185050 185095 3860
 37110 0.006071 185550 185595 3860
 37210 0.006133 186050 186095 3864
 37310 0.008250 186550 186595 3864
 37410 0.006181 187050 187095 3864
 37510 0.006311 187550 187595 3864
 37610 0.007055 188050 188095 3864
 37710 0.006338 188550 188595 3864
 37810 0.006378 189050 189095 3864
 37910 0.006279 189550 189595 3884
 38010 0.006219 190050 190095 3884
 38110 0.006244 190550 190595 3868
 38210 0.006521 191050 191095 3868
 38310 0.006285 191550 191595 3868
 38410 0.006351 192050 192095 3868
 38510 0.006406 192550 192595 3868
 38610 0.007759 193050 193095 3868
 38710 0.008373 193550 193595 3868
 38810 0.006427 194050 194095 3868
 38910 0.007291 194550 194595 3868
 39010 0.008851 195050 195095 3868
 39110 0.006551 195550 195595 3868
 39210 0.007253 196050 196095 3868
 39310 0.009090 196550 196595 3872
 39410 0.006621 197050 197095 3872
 39510 0.006781 197550 197595 3872
 39610 0.006804 198050 198095 3872
 39710 0.006585 198550 198595 3872
 39810 0.006594 199050 199095 3872
 39910 0.006577 199550 199595 3872
 40010 0.006830 200050 200095 3900
 40110 0.006616 200550 200595 3900
 40210 0.006617 201050 201095 3876
 40310 0.006596 201550 201595 3876
 40410 0.006781 202050 202095 3876
 40510 0.006790 202550 202595 3876
 40610 0.006743 203050 203095 3876
 40710 0.006639 203550 203595 3876
 40810 0.006996 204050 204095 3876
 40910 0.007616 204550 204595 3876
 41010 0.008469 205050 205095 3876
 41110 0.007038 205550 205595 3876
 41210 0.008112 206050 206095 3876
 41310 0.007228 206550 206595 3876
 41410 0.006850 207050 207095 3880
 41510 0.006807 207550 207595 3880
 41610 0.007044 208050 208095 3880
 41710 0.006812 208550 208595 3880
 41810 0.006926 209050 209095 3880
 41910 0.006910 209550 209595 3880
 42010 0.007214 210050 210095 3880
 42110 0.006944 210550 210595 3880
 42210 0.006862 211050 211095 3880
 42310 0.006928 211550 211595 3884
 42410 0.007084 212050 212095 3884
 42510 0.006945 212550 212595 3884
 42610 0.007026 213050 213095 3884
 42710 0.007173 213550 213595 3884
 42810 0.006991 214050 214095 3884
 42910 0.007120 214550 214595 3884
 43010 0.007114 215050 215095 3924
 43110 0.007238 215550 215595 3924
 43210 0.007207 216050 216095 3888
 43310 0.007119 216550 216595 3888
 43410 0.007058 217050 217095 3888
 43510 0.007323 217550 217595 3888
 43610 0.007257 218050 218095 3888
 43710 0.007109 218550 218595 3888
 43810 0.007207 219050 219095 3888
 43910 0.007504 219550 219595 3888
 44010 0.007236 220050 220095 3888
 44110 0.007287 220550 220595 3888
 44210 0.007434 221050 221095 3888
 44310 0.007225 221550 221595 3888
 44410 0.007414 222050 222095 3892
 44510 0.007318 222550 222595 3892
 44610 0.007534 223050 223095 3892
 44710 0.007313 223550 223595 3892
 44810 0.007443 224050 224095 3892
 44910 0.007261 224550 224595 3892
 45010 0.007716 225050 225095 3892
 45110 0.007631 225550 225595 3940
 45210 0.007339 226050 226095 3940
 45310 0.007551 226550 226595 3896
 45410 0.007560 227050 227095 3896
 45510 0.007442 227550 227595 3896
 45610 0.007491 228050 228095 3896
 45710 0.007598 228550 228595 3896
 45810 0.007552 229050 229095 3896
 45910 0.008511 229550 229595 3896
 46010 0.007977 230050 230095 3896
 46110 0.007731 230550 230595 3896
 46210 0.007935 231050 231095 3896
 46310 0.008170 231550 231595 3896
 46410 0.009068 232050 232095 3896
 46510 0.008105 232550 232595 3900
 46610 0.008935 233050 233095 3900
 46710 0.007659 233550 233595 3900
 46810 0.007595 234050 234095 3900
 46910 0.007631 234550 234595 3900
 47010 0.007946 235050 235095 3900
 47110 0.007842 235550 235595 3900
 47210 0.007697 236050 236095 3900
 47310 0.007899 236550 236595 3900
 47410 0.007903 237050 237095 3904
 47510 0.007901 237550 237595 3904
 47610 0.007762 238050 238095 3904
 47710 0.007948 238550 238595 3904
 47810 0.008352 239050 239095 3904
 47910 0.007822 239550 239595 3904
 48010 0.008108 240050 240095 3904
 48110 0.007998 240550 240595 3904
 48210 0.007874 241050 241095 3904
 48310 0.008128 241550 241595 3908
 48410 0.008024 242050 242095 3908
 48510 0.007971 242550 242595 3908
 48610 0.008013 243050 243095 3908
 48710 0.008130 243550 243595 3908
 48810 0.008093 244050 244095 3908
 48910 0.008132 244550 244595 3908
 49010 0.008232 245050 245095 3908
 49110 0.007939 245550 245595 3908
 49210 0.008178 246050 246095 3908
 49310 0.008079 246550 246595 3908
 49410 0.008150 247050 247095 3908
 49510 0.008135 247550 247595 3912
 49610 0.008238 248050 248095 3912
 49710 0.008287 248550 248595 3912
 49810 0.008221 249050 249095 3912
 49910 0.008218 249550 249595 3912
 50010 0.009697 300060 300114 4172
 50110 0.009855 300660 300714 3912
 50210 0.009876 301260 301314 3980
 50310 0.009805 301860 301914 3980
 50410 0.009802 302460 302514 3916
 50510 0.009808 303060 303114 4176
 50610 0.010050 303660 303714 4176
 50710 0.009716 304260 304314 3916
 50810 0.009874 304860 304914 4176
 50910 0.009885 305460 305514 4176
 51010 0.009837 306060 306114 3916
 51110 0.010344 306660 306714 4176
 51210 0.009881 307260 307314 4176
 51310 0.009943 307860 307914 3916
 51410 0.010407 308460 308514 4176
 51510 0.010060 309060 309114 4176
 51610 0.009947 309660 309714 3920
 51710 0.010255 310260 310314 4180
 51810 0.009957 310860 310914 4180
 51910 0.009962 311460 311514 3920
 52010 0.010251 312060 312114 4180
 52110 0.010097 312660 312714 4180
 52210 0.010795 313260 313314 3920
 52310 0.010786 313860 313914 3996
 52410 0.010306 314460 314514 3996
 52510 0.010222 315060 315114 3924
 52610 0.010190 315660 315714 4184
 52710 0.010099 316260 316314 4184
 52810 0.010417 316860 316914 3924
 52910 0.010304 317460 317514 4184
 53010 0.010274 318060 318114 4184
 53110 0.010310 318660 318714 3924
 53210 0.010352 319260 319314 4184
 53310 0.010389 319860 319914 4184
 53410 0.010342 320460 320514 3928
 53510 0.010325 321060 321114 4188
 53610 0.010544 321660 321714 4188
 53710 0.010342 322260 322314 3928
 53810 0.010485 322860 322914 4188
 53910 0.010368 323460 323514 4188
 54010 0.010425 324060 324114 3928
 54110 0.010612 324660 324714 4188
 54210 0.010384 325260 325314 4188
 54310 0.010491 325860 325914 3928
 54410 0.010734 326460 326514 4188
 54510 0.010501 327060 327114 4188
 54610 0.010838 327660 327714 3932
 54710 0.010670 328260 328314 4192
 54810 0.010456 328860 328914 4192
 54910 0.010772 329460 329514 3932
 55010 0.010620 330060 330114 4192
 55110 0.010611 330660 330714 4192
 55210 0.010841 331260 331314 3932
 55310 0.010802 331860 331914 4020
 55410 0.010690 332460 332514 4020
 55510 0.010732 333060 333114 3936
 55610 0.011049 333660 333714 4196
 55710 0.010823 334260 334314 4196
 55810 0.010993 334860 334914 3936
 55910 0.011561 335460 335514 4196
 56010 0.010920 336060 336114 4196
 56110 0.011182 336660 336714 3936
 56210 0.011256 337260 337314 4196
 56310 0.010762 337860 337914 4196
 56410 0.011141 338460 338514 3936
 56510 0.011077 339060 339114 4196
 56610 0.010926 339660 339714 4196
 56710 0.010994 340260 340314 3940
 56810 0.011493 340860 340914 4200
 56910 0.011144 341460 341514 4200
 57010 0.011041 342060 342114 3940
 57110 0.011073 342660 342714 4200
 57210 0.011159 343260 343314 4200
 57310 0.010964 343860 343914 3940
 57410 0.011540 344460 344514 4036
 57510 0.013923 345060 345114 4036
 57610 0.012415 345660 345714 3944
 57710 0.011235 346260 346314 4204
 57810 0.011086 346860 346914 4204
 57910 0.011282 347460 347514 3944
 58010 0.011243 348060 348114 4204
 58110 0.011507 348660 348714 4204
 58210 0.011246 349260 349314 3944
 58310 0.011297 349860 349914 4204
 58410 0.011432 350460 350514 4204
 58510 0.011302 351060 351114 3944
 58610 0.011494 351660 351714 4204
 58710 0.011382 352260 352314 4204
 58810 0.011486 352860 352914 3948
 58910 0.011548 353460 353514 4208
 59010 0.011387 354060 354114 4208
 59110 0.011587 354660 354714 3948
 59210 0.011779 355260 355314 4208
 59310 0.013675 355860 355914 4208
 59410 0.011728 356460 356514 3948
 59510 0.011486 357060 357114 4208
 59610 0.011646 357660 357714 4208
 59710 0.011502 358260 358314 3952
 59810 0.011654 358860 358914 4212
 59910 0.011481 359460 359514 4212
 60010 0.011639 360060 360114 3952
 60110 0.011840 360660 360714 4212
 60210 0.011613 361260 361314 4212
 60310 0.011875 361860 361914 3952
 60410 0.011756 362460 362514 4212
 60510 0.011810 363060 363114 4212
 60610 0.011801 363660 363714 3956
 60710 0.011744 364260 364314 4216
 60810 0.011620 364860 364914 4216
 60910 0.011739 365460 365514 3956
 61010 0.012023 366060 366114 4216
 61110 0.011750 366660 366714 4216
 61210 0.011969 367260 367314 3956
 61310 0.011831 367860 367914 4216
 61410 0.011849 368460 368514 4216
 61510 0.012145 369060 369114 3956
 61610 0.011955 369660 369714 4216
 61710 0.012014 370260 370314 4216
 61810 0.011929 370860 370914 3960
 61910 0.012214 371460 371514 4220
 62010 0.011979 372060 372114 4220
 62110 0.014210 372660 372714 3960
 62210 0.014398 373260 373314 4220
 62310 0.013972 373860 373914 4220
 62410 0.012027 374460 374514 3960
 62510 0.012169 375060 375114 4076
 62610 0.012234 375660 375714 4076
 62710 0.012101 376260 376314 3964
 62810 0.012331 376860 376914 4224
 62910 0.012039 377460 377514 4224
 63010 0.012277 378060 378114 3964
 63110 0.012399 378660 378714 4224
 63210 0.012172 379260 379314 4224
 63310 0.012400 379860 379914 3964
 63410 0.012337 380460 380514 4224
 63510 0.012369 381060 381114 4224
 63610 0.012388 381660 381714 3964
 63710 0.012624 382260 382314 4224
 63810 0.012200 382860 382914 4224
 63910 0.012482 383460 383514 3968
 64010 0.012554 384060 384114 4228
 64110 0.012281 384660 384714 4228
 64210 0.012389 385260 385314 3968
 64310 0.012482 385860 385914 4228
 64410 0.012530 386460 386514 4228
 64510 0.012599 387060 387114 3968
 64610 0.012893 387660 387714 4228
 64710 0.012487 388260 388314 4228
 64810 0.012652 388860 388914 3972
 64910 0.012742 389460 389514 4232
 65010 0.012689 390060 390114 4232
 65110 0.012680 390660 390714 3972
 65210 0.012614 391260 391314 4232
 65310 0.012862 391860 391914 4232
 65410 0.017131 392460 392514 3972
 65510 0.012837 393060 393114 4232
 65610 0.012567 393660 393714 4232
 65710 0.013732 394260 394314 3976
 65810 0.012937 394860 394914 4236
 65910 0.013031 395460 395514 4236
 66010 0.013000 396060 396114 3976
 66110 0.012956 396660 396714 4236
 66210 0.012631 397260 397314 4236
 66310 0.013027 397860 397914 3976
 66410 0.012865 398460 398514 4236
 66510 0.012896 399060 399114 4236
 66610 0.013003 399660 399714 3976
 66710 0.013039 400260 400314 4236
 66810 0.012897 400860 400914 4236
 66910 0.012872 401460 401514 3980
 67010 0.013158 402060 402114 4240
 67110 0.013142 402660 402714 4240
 67210 0.013154 403260 403314 3980
 67310 0.013021 403860 403914 4240
 67410 0.013200 404460 404514 4240
 67510 0.013002 405060 405114 3980
 67610 0.016250 405660 405714 4376
 67710 0.013383 406260 406314 4376
 67810 0.013238 406860 406914 3984
 67910 0.013204 407460 407514 4244
 68010 0.013264 408060 408114 4244
 68110 0.013169 408660 408714 3984
 68210 0.013382 409260 409314 4244
 68310 0.013136 409860 409914 4244
 68410 0.013295 410460 410514 3984
 68510 0.013335 411060 411114 4244
 68610 0.013166 411660 411714 4244
 68710 0.013363 412260 412314 3984
 68810 0.013640 412860 412914 4244
 68910 0.015324 413460 413514 4244
 69010 0.013443 414060 414114 3988
 69110 0.013504 414660 414714 4248
 69210 0.013549 415260 415314 4248
 69310 0.013380 415860 415914 3988
 69410 0.013900 416460 416514 4248
 69510 0.013480 417060 417114 4248
 69610 0.013586 417660 417714 3988
 69710 0.013591 418260 418314 4392
 69810 0.013541 418860 418914 4392
 69910 0.013648 419460 419514 3992
 70010 0.013610 420060 420114 4252
 70110 0.013799 420660 420714 4252
 70210 0.016450 421260 421314 3992
 70310 0.017581 421860 421914 4252
 70410 0.019297 422460 422514 4252
 70510 0.013623 423060 423114 3992
 70610 0.013844 423660 423714 4252
 70710 0.013615 424260 424314 4252
 70810 0.014023 424860 424914 3992
 70910 0.013676 425460 425514 4252
 71010 0.014097 426060 426114 4252
 71110 0.013769 426660 426714 3996
 71210 0.014151 427260 427314 4256
 71310 0.013734 427860 427914 4256
 71410 0.013985 428460 428514 3996
 71510 0.013744 429060 429114 4256
 71610 0.013907 429660 429714 4256
 71710 0.013825 430260 430314 3996
 71810 0.014080 430860 430914 4256
 71910 0.014001 431460 431514 4256
 72010 0.014068 432060 432114 4000
 72110 0.014009 432660 432714 4260
 72210 0.014173 433260 433314 4260
 72310 0.013982 433860 433914 4000
 72410 0.014220 434460 434514 4260
 72510 0.013959 435060 435114 4260
 72610 0.014059 435660 435714 4000
 72710 0.014776 436260 436314 4416
 72810 0.016301 436860 436914 4416
 72910 0.015412 437460 437514 4004
 73010 0.014207 438060 438114 4264
 73110 0.014281 438660 438714 4264
 73210 0.014358 439260 439314 4004
 73310 0.014255 439860 439914 4264
 73410 0.014197 440460 440514 4264
 73510 0.014214 441060 441114 4004
 73610 0.014456 441660 441714 4264
 73710 0.014182 442260 442314 4264
 73810 0.014661 442860 442914 4004
 73910 0.014419 443460 443514 4264
 74010 0.014360 444060 444114 4264
 74110 0.014269 444660 444714 4008
 74210 0.014568 445260 445314 4268
 74310 0.014378 445860 445914 4268
 74410 0.015095 446460 446514 4008
 74510 0.017757 447060 447114 4268
 74610 0.014594 447660 447714 4268
 74710 0.014426 448260 448314 4008
 74810 0.014829 448860 448914 4432
 74910 0.014470 449460 449514 4432
 75010 0.015856 450060 450114 4012
 75110 0.014526 450660 450714 4272
 75210 0.015310 451260 451314 4272
 75310 0.017798 451860 451914 4012
 75410 0.014740 452460 452514 4272
 75510 0.014684 453060 453114 4272
 75610 0.014714 453660 453714 4012
 75710 0.014913 454260 454314 4272
 75810 0.014691 454860 454914 4272
 75910 0.015199 455460 455514 4012
 76010 0.014705 456060 456114 4272
 76110 0.014852 456660 456714 4272
 76210 0.014804 457260 457314 4016
 76310 0.014918 457860 457914 4276
 76410 0.014863 458460 458514 4276
 76510 0.014927 459060 459114 4016
 76610 0.015092 459660 459714 4276
 76710 0.014786 460260 460314 4276
 76810 0.015152 460860 460914 4016
 76910 0.014759 461460 461514 4276
 77010 0.017195 462060 462114 4276
 77110 0.016216 462660 462714 4020
 77210 0.014909 463260 463314 4280
 77310 0.019843 463860 463914 4280
 77410 0.015176 464460 464514 4020
 77510 0.015288 465060 465114 4280
 77610 0.015042 465660 465714 4280
 77710 0.017404 466260 466314 4020
 77810 0.016957 466860 466914 4280
 77910 0.014968 467460 467514 4280
 78010 0.015338 468060 468114 4024
 78110 0.015055 468660 468714 4284
 78210 0.015142 469260 469314 4284
 78310 0.015375 469860 469914 4024
 78410 0.015154 470460 470514 4284
 78510 0.015328 471060 471114 4284
 78610 0.015182 471660 471714 4024
 78710 0.015561 472260 472314 4284
 78810 0.015137 472860 472914 4284
 78910 0.018354 473460 473514 4024
 79010 0.015381 474060 474114 4284
 79110 0.015759 474660 474714 4284
 79210 0.015549 475260 475314 4028
 79310 0.015462 475860 475914 4288
 79410 0.015467 476460 476514 4288
 79510 0.015397 477060 477114 4028
 79610 0.015619 477660 477714 4288
 79710 0.015348 478260 478314 4288
 79810 0.015913 478860 478914 4028
 79910 0.015719 479460 479514 4472
 80010 0.015498 480060 480114 4472
 80110 0.015760 480660 480714 4032
 80210 0.015572 481260 481314 4292
 80310 0.015696 481860 481914 4292
 80410 0.015734 482460 482514 4032
 80510 0.016433 483060 483114 4292
 80610 0.017670 483660 483714 4292
 80710 0.015558 484260 484314 4032
 80810 0.015920 484860 484914 4292
 80910 0.016182 485460 485514 4292
 81010 0.016250 486060 486114 4032
 81110 0.015823 486660 486714 4292
 81210 0.015786 487260 487314 4292
 81310 0.015891 487860 487914 4036
 81410 0.015539 488460 488514 4296
 81510 0.015839 489060 489114 4296
 81610 0.015803 489660 489714 4036
 81710 0.016040 490260 490314 4296
 81810 0.015647 490860 490914 4296
 81910 0.016031 491460 491514 4036
 82010 0.016154 492060 492114 4488
 82110 0.015863 492660 492714 4488
 82210 0.019746 493260 493314 4040
 82310 0.017831 493860 493914 4300
 82410 0.016537 494460 494514 4300
 82510 0.018783 495060 495114 4040
 82610 0.017236 495660 495714 4300
 82710 0.016663 496260 496314 4300
 82810 0.016306 496860 496914 4040
 82910 0.017169 497460 497514 4300
 83010 0.016252 498060 498114 4300
 83110 0.016256 498660 498714 4044
 83210 0.031913 499260 499314 4304
 83310 0.016775 499860 499914 4304
 83410 0.016120 500460 500514 4044
 83510 0.016366 501060 501114 4304
 83610 0.016246 501660 501714 4304
 83710 0.016131 502260 502314 4044
 83810 0.016493 502860 502914 4568
 83910 0.021273 503460 503514 4568
 84010 0.016392 504060 504114 4044
 84110 0.024222 504660 504714 4568
 84210 0.016318 505260 505314 4568
 84310 0.016334 505860 505914 4048
 84410 0.016382 506460 506514 4572
 84510 0.016398 507060 507114 4572
 84610 0.016643 507660 507714 4048
 84710 0.016517 508260 508314 4572
 84810 0.016501 508860 508914 4572
 84910 0.016588 509460 509514 4048
 85010 0.016540 510060 510114 4512
 85110 0.016734 510660 510714 4512
 85210 0.016810 511260 511314 4052
 85310 0.016824 511860 511914 4576
 85410 0.016840 512460 512514 4576
 85510 0.016788 513060 513114 4052
 85610 0.017337 513660 513714 4576
 85710 0.016751 514260 514314 4576
 85810 0.016842 514860 514914 4052
 85910 0.016961 515460 515514 4576
 86010 0.029643 516060 516114 4576
 86110 0.016752 516660 516714 4052
 86210 0.016887 517260 517314 4576
 86310 0.016676 517860 517914 4576
 86410 0.016801 518460 518514 4056
 86510 0.017134 519060 519114 4580
 86610 0.016698 519660 519714 4580
 86710 0.017053 520260 520314 4056
 86810 0.017050 520860 520914 4580
 86910 0.016830 521460 521514 4580
 87010 0.018026 522060 522114 4056
 87110 0.016945 522660 522714 4528
 87210 0.021364 523260 523314 4528
 87310 0.017008 523860 523914 4060
 87410 0.016982 524460 524514 4584
 87510 0.017132 525060 525114 4584
 87610 0.017047 525660 525714 4060
 87710 0.016967 526260 526314 4584
 87810 0.017993 526860 526914 4584
 87910 0.019905 527460 527514 4060
 88010 0.017026 528060 528114 4584
 88110 0.017207 528660 528714 4584
 88210 0.017166 529260 529314 4060
 88310 0.017685 529860 529914 4584
 88410 0.017249 530460 530514 4584
 88510 0.017122 531060 531114 4064
 88610 0.017464 531660 531714 4588
 88710 0.017255 532260 532314 4588
 88810 0.017180 532860 532914 4064
 88910 0.017499 533460 533514 4588
 89010 0.017250 534060 534114 4588
 89110 0.017436 534660 534714 4064
 89210 0.017473 535260 535314 4588
 89310 0.017339 535860 535914 4588
 89410 0.017474 536460 536514 4068
 89510 0.029287 537060 537114 4592
 89610 0.017314 537660 537714 4592
 89710 0.017647 538260 538314 4068
 89810 0.019471 538860 538914 4592
 89910 0.017360 539460 539514 4592
 90010 0.017818 540060 540114 4068
 90110 0.020305 540660 540714 4552
 90210 0.018305 541260 541314 4552
 90310 0.027394 541860 541914 4072
 90410 0.017825 542460 542514 4596
 90510 0.017621 543060 543114 4596
 90610 0.020048 543660 543714 4072
 90710 0.019114 544260 544314 4596
 90810 0.017943 544860 544914 4596
 90910 0.017731 545460 545514 4072
 91010 0.018033 546060 546114 4596
 91110 0.017730 546660 546714 4596
 91210 0.017763 547260 547314 4072
 91310 0.018081 547860 547914 4596
 91410 0.017665 548460 548514 4596
 91510 0.017640 549060 549114 4076
 91610 0.018098 549660 549714 4600
 91710 0.017718 550260 550314 4600
 91810 0.017884 550860 550914 4076
 91910 0.017873 551460 551514 4600
 92010 0.017939 552060 552114 4600
 92110 0.018011 552660 552714 4076
 92210 0.018008 553260 553314 4568
 92310 0.017857 553860 553914 4568
 92410 0.018045 554460 554514 4080
 92510 0.023760 555060 555114 4604
 92610 0.018298 555660 555714 4604
 92710 0.018036 556260 556314 4080
 92810 0.018058 556860 556914 4604
 92910 0.017905 557460 557514 4604
 93010 0.018112 558060 558114 4080
 93110 0.018055 558660 558714 4604
 93210 0.018099 559260 559314 4604
 93310 0.018340 559860 559914 4080
 93410 0.018268 560460 560514 4604
 93510 0.018120 561060 561114 4604
 93610 0.018363 561660 561714 4084
 93710 0.018111 562260 562314 4608
 93810 0.018144 562860 562914 4608
 93910 0.018357 563460 563514 4084
 94010 0.018337 564060 564114 4608
 94110 0.018344 564660 564714 4608
 94210 0.018593 565260 565314 4084
 94310 0.018468 565860 565914 4608
 94410 0.018269 566460 566514 4608
 94510 0.018519 567060 567114 4088
 94610 0.019277 567660 567714 4612
 94710 0.018553 568260 568314 4612
 94810 0.018689 568860 568914 4088
 94910 0.021522 569460 569514 4612
 95010 0.019028 570060 570114 4612
 95110 0.018492 570660 570714 4088
 95210 0.018710 571260 571314 4612
 95310 0.018409 571860 571914 4612
 95410 0.018735 572460 572514 4092
 95510 0.018622 573060 573114 4616
 95610 0.018450 573660 573714 4616
 95710 0.018622 574260 574314 4092
 95810 0.018625 574860 574914 4616
 95910 0.018440 575460 575514 4616
 96010 0.018859 576060 576114 4092
 96110 0.018771 576660 576714 4616
 96210 0.020430 577260 577314 4616
 96310 0.023240 577860 577914 4092
 96410 0.019151 578460 578514 4616
 96510 0.020599 579060 579114 4616
 96610 0.018777 579660 579714 4096
 96710 0.018901 580260 580314 4620
 96810 0.022883 580860 580914 4620
 96910 0.021131 581460 581514 4096
 97010 0.018759 582060 582114 4620
 97110 0.019343 582660 582714 4620
 97210 0.019065 583260 583314 4096
 97310 0.019097 583860 583914 4608
 97410 0.018693 584460 584514 4608
 97510 0.018990 585060 585114 4100
 97610 0.019207 585660 585714 4624
 97710 0.018831 586260 586314 4624
 97810 0.018998 586860 586914 4100
 97910 0.019126 587460 587514 4624
 98010 0.019891 588060 588114 4624
 98110 0.019146 588660 588714 4100
 98210 0.019260 589260 589314 4624
 98310 0.019002 589860 589914 4624
 98410 0.019234 590460 590514 4100
 98510 0.019023 591060 591114 4624
 98610 0.019111 591660 591714 4624
 98710 0.019250 592260 592314 4104
 98810 0.019120 592860 592914 4628
 98910 0.020981 593460 593514 4628
 99010 0.019383 594060 594114 4104
 99110 0.019086 594660 594714 4628
 99210 0.019829 595260 595314 4628
 99310 0.019451 595860 595914 4104
 99410 0.019317 596460 596514 4624
 99510 0.020374 597060 597114 4624
 99610 0.019581 597660 597714 4108
 99710 0.019335 598260 598314 4632
 99810 0.019314 598860 598914 4632
 99910 0.019610 599460 599514 4108
