 10 0.000050 64 123 1840
 110 0.000117 1503 3480 1840
 210 0.000187 3224 7611 1840
 310 0.000284 5151 12178 1840
 410 0.000426 7203 17458 1840
 510 0.000484 8754 21456 1840
 610 0.000621 11028 26967 1840
 710 0.000749 13190 32638 1840
 810 0.000931 15189 37538 1840
 910 0.000792 17456 43511 1840
 1010 0.000930 20546 52330 1840
 1110 0.001020 22308 54767 1840
 1210 0.001149 25193 61710 1840
 1310 0.001244 27557 68483 1840
 1410 0.001492 30092 73961 1840
 1510 0.001595 32259 81097 1840
 1610 0.001685 34496 87371 1840
 1710 0.001810 37076 94097 1840
 1810 0.001860 39086 98051 1840
 1910 0.002023 41812 104918 1840
 2010 0.002076 44693 113688 1840
 2110 0.002363 47133 118976 1840
 2210 0.002400 49736 124709 1840
 2310 0.002393 52526 130223 1840
 2410 0.002528 54566 137013 1840
 2510 0.002624 57237 143625 1840
 2610 0.003297 59859 150518 1840
 2710 0.003154 62862 159966 1840
 2810 0.003098 66218 168666 1840
 2910 0.003492 69037 174945 1840
 3010 0.003334 70712 180161 1840
 3110 0.003437 72788 184786 1840
 3210 0.003282 71821 183458 1840
 3310 0.003729 78294 201009 1840
 3410 0.003881 81056 211389 1840
 3510 0.003961 84430 217509 1840
 3610 0.004013 86028 217302 1840
 3710 0.004191 89884 232287 1840
 3810 0.004720 92768 239998 1840
 3910 0.004416 94461 243865 1840
 4010 0.004681 97120 250770 1840
 4110 0.004697 100613 257011 1840
 4210 0.004919 103096 263339 1840
 4310 0.005206 105731 273990 1840
 4410 0.005180 108582 277077 1840
 4510 0.005228 111515 284389 3644
 4610 0.005290 115055 295385 3644
 4710 0.005512 116161 296624 3644
 4810 0.005833 118888 304710 3644
 4910 0.006085 123493 318062 3644
 5010 0.005984 125660 324006 3644
 5110 0.006268 128895 333424 3644
 5210 0.006458 132690 342702 3644
 5310 0.006363 134404 347379 3644
 5410 0.006543 136681 350340 3644
 5510 0.006608 140248 363319 3644
 5610 0.006815 142870 366261 3644
 5710 0.006827 146091 377831 3644
 5810 0.007005 148728 385650 3644
 5910 0.007169 152526 394580 3644
 6010 0.007218 153325 395326 3644
 6110 0.007379 155187 399817 3644
 6210 0.007408 158451 406430 3644
 6310 0.007520 161013 415204 3644
 6410 0.007814 166325 430106 3644
 6510 0.007896 167456 433562 3644
 6610 0.007992 168741 438751 3644
 6710 0.009614 172741 448762 3644
 6810 0.008486 175237 457755 3644
 6910 0.008601 177664 462764 3644
 7010 0.008787 182602 479921 3644
 7110 0.008805 183526 480686 3644
 7210 0.009475 188583 492208 3644
 7310 0.009272 190480 496448 3644
 7410 0.009324 194246 501054 3644
 7510 0.009529 196247 509130 3644
 7610 0.009700 200507 522124 3644
 7710 0.010517 203994 531996 3644
 7810 0.010924 206373 536460 3644
 7910 0.010914 211585 546430 3644
 8010 0.010391 211792 548602 3644
 8110 0.011158 216011 562444 3644
 8210 0.011390 218744 569801 3644
 8310 0.010675 218644 578782 3644
 8410 0.010817 223203 580968 3644
 8510 0.010946 227863 596202 3644
 8610 0.011081 230880 596032 3644
 8710 0.011032 228888 593369 3644
 8810 0.011279 235460 609136 3644
 8910 0.011011 230916 600326 3644
 9010 0.011662 241785 626471 3644
 9110 0.011847 246987 633567 3644
 9210 0.011817 247986 644401 3644
 9310 0.011734 251280 651813 3644
 9410 0.011775 248420 638416 3644
 9510 0.012208 256839 669902 3644
 9610 0.013173 261880 678161 3644
 9710 0.015965 265646 685508 3644
 9810 0.014092 267422 692995 3644
 9910 0.013142 272672 702796 3644
 10010 0.013307 272491 705095 3644
 10110 0.013324 278435 724860 3644
 10210 0.013714 279847 724143 3644
 10310 0.014238 285046 736867 3644
 10410 0.013714 284246 738947 3644
 10510 0.013975 288916 758538 3644
 10610 0.013885 288851 746322 3644
 10710 0.014318 294405 778088 3644
 10810 0.014576 299191 777328 3644
 10910 0.014515 300966 784520 3644
 11010 0.014845 306927 801546 3644
 11110 0.014847 304845 793467 3644
 11210 0.016068 310769 807591 3644
 11310 0.015082 311532 812130 3644
 11410 0.014921 314228 821036 3644
 11510 0.015336 322414 836886 3644
 11610 0.015478 322019 831824 3644
 11710 0.015413 323541 849296 3644
 11810 0.015598 328026 856387 3644
 11910 0.015783 329847 868678 3644
 12010 0.016091 331610 871821 3644
 12110 0.016026 336792 868039 3644
 12210 0.016236 340667 884077 3644
 12310 0.017547 343425 902621 3644
 12410 0.016905 347321 906445 3644
 12510 0.018120 351275 924706 3644
 12610 0.018060 353312 929295 3644
 12710 0.017614 357623 926405 3644
 12810 0.019064 358264 934435 3644
 12910 0.017705 361910 949004 3788
 13010 0.019080 362474 955735 3788
 13110 0.020579 358719 940247 3788
 13210 0.020914 371226 973257 3788
 13310 0.020726 370656 971959 3788
 13410 0.019709 377031 998165 3788
 13510 0.022376 380320 986263 3788
 13610 0.018626 380790 997650 3788
 13710 0.018852 385968 1023203 3788
 13810 0.018955 387716 1023925 3788
 13910 0.019238 393040 1039561 3788
 14010 0.019209 393933 1031488 3788
 14110 0.018917 394002 1028866 3788
 14210 0.019423 402695 1077129 3788
 14310 0.019373 405217 1069614 3788
 14410 0.019520 406118 1076516 3788
 14510 0.019710 409468 1072422 3788
 14610 0.020425 410662 1077837 3788
 14710 0.027508 413421 1088415 3788
 14810 0.024928 421671 1107759 3788
 14910 0.024931 424408 1103803 3788
 15010 0.022715 425809 1118989 3788
 15110 0.022011 430717 1135546 3788
 15210 0.022002 430712 1135302 3788
 15310 0.021719 434273 1140759 3788
 15410 0.022316 442977 1165043 3788
 15510 0.021837 442589 1156593 3788
 15610 0.021812 446032 1157077 3788
 15710 0.022258 453019 1191456 3788
 15810 0.023035 451000 1159667 3788
 15910 0.022347 457681 1194371 3840
 16010 0.022325 462618 1213578 3840
 16110 0.024036 462080 1214194 3840
 16210 0.022663 462363 1218681 3840
 16310 0.023352 469598 1227777 3840
 16410 0.023038 470068 1229662 3840
 16510 0.023236 472922 1246085 3840
 16610 0.026068 475519 1249375 3840
 16710 0.023798 472586 1231199 3840
 16810 0.023759 480801 1274824 3856
 16910 0.023634 485648 1272004 3856
 17010 0.023536 485005 1271846 3856
 17110 0.024632 495696 1306082 3860
 17210 0.024307 496047 1293375 3860
 17310 0.025208 503183 1318259 3860
 17410 0.025195 505395 1315453 3860
 17510 0.024361 508782 1341979 3860
 17610 0.024680 508980 1329836 3860
 17710 0.024365 512757 1341083 3864
 17810 0.026416 519921 1366061 3864
 17910 0.027013 519038 1349447 3864
 18010 0.027964 524828 1382448 3868
 18110 0.026350 528667 1383386 3868
 18210 0.025977 532828 1403920 3868
 18310 0.026950 533399 1398574 3872
 18410 0.027026 539406 1411839 3872
 18510 0.026435 540169 1406178 3872
 18610 0.026738 543336 1431793 3872
 18710 0.027427 547729 1423525 3872
 18810 0.027161 552543 1445003 3872
 18910 0.027503 556720 1469638 3876
 19010 0.027842 559513 1457662 3876
 19110 0.027697 558847 1468293 3876
 19210 0.028476 566964 1484671 3880
 19310 0.028444 569099 1501046 3880
 19410 0.027982 568152 1471149 3880
 19510 0.030530 575768 1507271 3880
 19610 0.032234 575754 1514373 3880
 19710 0.031969 578469 1509725 3880
 19810 0.032050 584314 1531739 3884
 19910 0.029278 586431 1545061 3884
 20010 0.032501 591183 1557776 3884
 20110 0.030109 590433 1552362 3888
 20210 0.029478 596925 1569122 3888
 20310 0.029353 598611 1557357 3888
 20410 0.029310 601543 1578740 3892
 20510 0.030211 612155 1594961 3892
 20610 0.031987 608369 1586572 3892
 20710 0.030241 610301 1603013 3892
 20810 0.030036 612967 1593252 3892
 20910 0.031231 618903 1619085 3892
 21010 0.030306 621148 1651354 3896
 21110 0.030960 627642 1664962 3896
 21210 0.030517 627508 1638256 3896
 21310 0.030919 633903 1651790 3900
 21410 0.031235 631485 1660557 3900
 21510 0.031345 640551 1689459 3900
 21610 0.032629 640098 1687171 3900
 21710 0.034002 645577 1696670 3900
 21810 0.032317 649135 1707753 3900
 21910 0.032193 652083 1737272 3904
 22010 0.032421 654985 1720067 3904
 22110 0.033165 660322 1754458 3904
 22210 0.036045 664031 1740767 3908
 22310 0.033994 662924 1754545 3908
 22410 0.035085 672002 1783993 3908
 22510 0.034239 672237 1775685 3908
 22610 0.035023 672712 1758617 3908
 22710 0.034368 679554 1807628 3908
 22810 0.034296 681429 1792968 3912
 22910 0.034719 684367 1815588 3912
 23010 0.035308 692058 1839251 3912
 23110 0.035364 690226 1853656 3916
 23210 0.035065 688391 1814592 3916
 23310 0.035098 701025 1860205 3916
 23410 0.034697 701129 1854552 3920
 23510 0.035193 707261 1881255 3920
 23610 0.035074 706752 1882303 3920
 23710 0.037886 708017 1871550 3920
 23810 0.035549 714285 1889579 3920
 23910 0.040983 718863 1898421 3920
 24010 0.036661 720275 1916653 3924
 24110 0.035756 720326 1893399 3924
 24210 0.035118 716451 1882772 3924
 24310 0.038845 729991 1930314 3928
 24410 0.040289 733736 1932515 3928
 24510 0.038768 735152 1955796 3928
 24610 0.038396 737288 1948464 3928
 24710 0.038100 747002 1994420 3928
 24810 0.042509 744741 1963413 3928
 24910 0.039401 752084 1984639 3932
 25010 0.037836 751747 1981234 3932
 25110 0.038178 762186 2010807 3932
 25210 0.038058 762558 2028016 3936
 25310 0.038956 767849 2018580 3936
 25410 0.038143 768901 2034713 3936
 25510 0.038495 768915 2037208 3940
 25610 0.038049 770434 2036172 3940
 25710 0.038308 777396 2071966 3940
 25810 0.038791 779072 2068373 3940
 25910 0.038548 779853 2056983 3940
 26010 0.043094 783181 2078255 3940
 26110 0.045588 791546 2106021 3944
 26210 0.040782 788777 2094407 3944
 26310 0.041803 789989 2094454 3944
 26410 0.039788 798562 2117751 3948
 26510 0.042337 806047 2150331 3948
 26610 0.041807 803790 2148307 3948
 26710 0.040415 798288 2100401 3948
 26810 0.039825 809092 2157903 3948
 26910 0.039621 808135 2142009 3948
 27010 0.040724 820251 2181767 3952
 27110 0.040208 819824 2182345 3952
 27210 0.040138 823252 2180239 3952
 27310 0.040379 821378 2192115 3956
 27410 0.041920 827679 2193662 3956
 27510 0.042129 838976 2203988 3956
 27610 0.043889 831815 2215625 3956
 27710 0.045300 837965 2211024 3956
 27810 0.042071 840665 2215357 3956
 27910 0.041754 845657 2221789 3960
 28010 0.041212 849273 2271580 3960
 28110 0.042329 859598 2277459 3960
 28210 0.041482 851879 2240379 3964
 28310 0.043174 856650 2248521 3964
 28410 0.043652 862854 2287364 3964
 28510 0.043002 868722 2316290 3968
 28610 0.042467 863731 2291043 3968
 28710 0.042647 875037 2300287 3968
 28810 0.048032 876225 2321897 3968
 28910 0.043412 875682 2324831 3968
 29010 0.043591 884577 2356863 3968
 29110 0.044343 879129 2316715 3972
 29210 0.043990 886336 2354310 3972
 29310 0.045401 893909 2368998 3972
 29410 0.044231 893112 2363007 3976
 29510 0.045375 904925 2380813 3976
 29610 0.045552 902993 2378753 3976
 29710 0.044336 906539 2379838 3976
 29810 0.045516 910629 2416356 3976
 29910 0.045603 915732 2403597 3976
 30010 0.045231 913524 2401997 3980
 30110 0.046008 923500 2451667 3980
 30210 0.045245 927910 2471758 3980
 30310 0.046928 930373 2470749 3984
 30410 0.049078 931723 2465242 3984
 30510 0.046821 935148 2468191 3984
 30610 0.046724 940838 2495202 3988
 30710 0.047855 947266 2504923 3988
 30810 0.046106 944909 2502835 3988
 30910 0.047013 954651 2529370 3988
 31010 0.046769 960165 2560131 3988
 31110 0.047091 959685 2540445 3988
 31210 0.048169 961048 2535714 3988
 31310 0.050598 964977 2572440 3988
 31410 0.049803 971942 2574814 3988
 31510 0.047253 966984 2544413 3996
 31610 0.047332 969206 2560083 3996
 31710 0.048473 976928 2578670 3996
 31810 0.049867 987112 2641145 3996
 31910 0.048837 987825 2602558 3996
 32010 0.049438 988198 2600405 3996
 32110 0.050268 995778 2653774 4000
 32210 0.051735 993881 2643719 4000
 32310 0.049055 999159 2650446 4000
 32410 0.049687 1002864 2666858 4004
 32510 0.053516 1002459 2657318 4004
 32610 0.050275 1007584 2649983 4004
 32710 0.049322 1020925 2688003 4004
 32810 0.050468 1009250 2647360 4004
 32910 0.049476 1014279 2694972 4012
 33010 0.050750 1025271 2703337 3880
 33110 0.050586 1021394 2701810 3880
 33210 0.050892 1022479 2712246 3880
 33310 0.051363 1030740 2733495 4012
 33410 0.050838 1041428 2780226 4012
 33510 0.050852 1043715 2775743 4012
 33610 0.051147 1037910 2748965 4016
 33710 0.051241 1042938 2755931 4016
 33810 0.054714 1048266 2792099 4020
 33910 0.052941 1052618 2808293 4020
 34010 0.051770 1050484 2771206 3888
 34110 0.052198 1051314 2770927 3888
 34210 0.052793 1063203 2815290 4148
 34310 0.052504 1065002 2830699 4024
 34410 0.052676 1062971 2800523 4024
 34510 0.052475 1079480 2853766 4024
 34610 0.052377 1074124 2828146 4024
 34710 0.053498 1087101 2880852 4024
 34810 0.052477 1086427 2860727 4024
 34910 0.053947 1083851 2857207 4024
 35010 0.053112 1088649 2839982 4024
 35110 0.053982 1095876 2874815 4028
 35210 0.068155 1094084 2898741 4028
 35310 0.055285 1097500 2874244 4028
 35410 0.058157 1101018 2914653 4032
 35510 0.055187 1102680 2915320 4032
 35610 0.054882 1111295 2940425 4032
 35710 0.055029 1106846 2913360 4036
 35810 0.056637 1126197 2990496 4036
 35910 0.055554 1119674 2958944 4040
 36010 0.055676 1127080 2979289 4040
 36110 0.055987 1140000 3029821 3908
 36210 0.056009 1134835 2995875 3908
 36310 0.056203 1132006 2978041 4168
 36410 0.054769 1135816 3020331 4040
 36510 0.056620 1149259 3040059 4040
 36610 0.056264 1139485 2998630 4040
 36710 0.055870 1152344 3058054 4044
 36810 0.055762 1158913 3049738 4044
 36910 0.056238 1165503 3087080 4048
 37010 0.057224 1169929 3133296 4048
 37110 0.056681 1165917 3093498 3916
 37210 0.057320 1178998 3113147 3916
 37310 0.069450 1173825 3068265 4176
 37410 0.077230 1174510 3115257 4052
 37510 0.065522 1173992 3085567 4052
 37610 0.062137 1191872 3155542 4052
 37710 0.057478 1185368 3129536 4052
 37810 0.058015 1194420 3162562 4052
 37910 0.058206 1198631 3152671 4060
 38010 0.057918 1202772 3192754 4060
 38110 0.061897 1205832 3170194 3928
 38210 0.063300 1209576 3163990 3928
 38310 0.060601 1215651 3218906 4188
 38410 0.060697 1218653 3215014 4060
 38510 0.062322 1221917 3201391 4060
 38610 0.062651 1221695 3223462 4060
 38710 0.063411 1230621 3246571 4064
 38810 0.061191 1226412 3239024 4064
 38910 0.061508 1230065 3213394 4068
 39010 0.061238 1235857 3233875 4068
 39110 0.062940 1235734 3257974 3936
 39210 0.062087 1239421 3299825 3936
 39310 0.069199 1244427 3264553 4196
 39410 0.070318 1238705 3272917 4072
 39510 0.061277 1251326 3314551 4072
 39610 0.066769 1250455 3324530 4072
 39710 0.061758 1262049 3342893 4072
 39810 0.064114 1261747 3335749 4072
 39910 0.061719 1272109 3387758 4072
 40010 0.063144 1272047 3401086 4072
 40110 0.061812 1260192 3315140 4072
 40210 0.066882 1278708 3399236 4076
 40310 0.061526 1272862 3356432 4076
 40410 0.063025 1280361 3374947 4076
 40510 0.063491 1282633 3376313 4080
 40610 0.064518 1288264 3410223 4080
 40710 0.062641 1294097 3423139 4080
 40810 0.062499 1301670 3482432 4084
 40910 0.062623 1291722 3410609 4084
 41010 0.063197 1308758 3455068 4088
 41110 0.063014 1303977 3448755 4088
 41210 0.063225 1315365 3513232 3956
 41310 0.063417 1312854 3503679 3956
 41410 0.063758 1311732 3484935 4216
 41510 0.063715 1322786 3512735 4092
 41610 0.064950 1324037 3509158 4092
 41710 0.065463 1321660 3521944 4092
 41810 0.064568 1334916 3528440 4092
 41910 0.064921 1334578 3522271 4092
 42010 0.068421 1341558 3552869 4096
 42110 0.073207 1336900 3533121 4096
 42210 0.075817 1338432 3535932 3968
 42310 0.066520 1350134 3602789 3968
 42410 0.065500 1341054 3568085 4228
 42510 0.065898 1347288 3575061 4100
 42610 0.066434 1356569 3635908 4100
 42710 0.066269 1368409 3629761 4100
 42810 0.066166 1361124 3600379 4100
 42910 0.066912 1366903 3577520 4100
 43010 0.067279 1375411 3653367 4108
 43110 0.071932 1380708 3681013 4108
 43210 0.073277 1380696 3651313 3976
 43310 0.069420 1382050 3674573 3976
 43410 0.070503 1394424 3736691 4236
 43510 0.071689 1397391 3689562 4108
 43610 0.070406 1390152 3685502 4108
 43710 0.070275 1395970 3717379 4108
 43810 0.087676 1401241 3721604 4112
 43910 0.093248 1399506 3685320 4112
 44010 0.075142 1412914 3736122 4112
 44110 0.070933 1416240 3783792 4112
 44210 0.072837 1414744 3782811 4112
 44310 0.071538 1423011 3773212 4112
 44410 0.071451 1422438 3778329 4112
 44510 0.072515 1423924 3768921 4112
 44610 0.071139 1427536 3807608 4120
 44710 0.073181 1432607 3837390 4120
 44810 0.070583 1396992 3719486 4120
 44910 0.073013 1447431 3843363 4120
 45010 0.073600 1445807 3809177 4120
 45110 0.073371 1454823 3843591 4124
 45210 0.071818 1457775 3884342 4128
 45310 0.071756 1450103 3859515 3996
 45410 0.072879 1469518 3911642 3996
 45510 0.072545 1461621 3865758 4256
 45610 0.073967 1463670 3911315 4128
 45710 0.074236 1469230 3935383 4128
 45810 0.074297 1451815 3851498 4128
 45910 0.076273 1469387 3914457 4132
 46010 0.076656 1478010 3920839 4132
 46110 0.075260 1475599 3951022 4136
 46210 0.075953 1477436 3904204 4136
 46310 0.074102 1489882 3967832 4004
 46410 0.075249 1492404 3992112 4004
 46510 0.075447 1498696 4009939 4264
 46610 0.074634 1499126 3999838 4136
 46710 0.075236 1504324 4001712 4136
 46810 0.074754 1509635 4026118 4136
 46910 0.075438 1519538 4063033 4140
 47010 0.075488 1510040 4032801 4140
 47110 0.077108 1513426 4030893 4144
 47210 0.075545 1510924 4004392 4144
 47310 0.076453 1513414 4019508 4012
 47410 0.077478 1526283 4073368 4012
 47510 0.075719 1513522 4036029 4272
 47610 0.076260 1524259 4046824 4148
 47710 0.076629 1528523 4074323 4148
 47810 0.111217 1540411 4123089 4148
 47910 0.078198 1551102 4124554 4148
 48010 0.083055 1543394 4140301 4148
 48110 0.077507 1544674 4120266 4148
 48210 0.078045 1549316 4099502 4152
 48310 0.079292 1563423 4171552 4152
 48410 0.077955 1553007 4129661 4152
 48510 0.077858 1560888 4172694 4152
 48610 0.079006 1559356 4129391 4152
 48710 0.079450 1561648 4141962 4156
 48810 0.078487 1568794 4188201 4156
 48910 0.078230 1571091 4166999 4156
 49010 0.080021 1587292 4217582 4160
 49110 0.080156 1584765 4242435 4160
 49210 0.080471 1580427 4200688 4164
 49310 0.080692 1587672 4223606 4164
 49410 0.083208 1596656 4241058 4032
 49510 0.079851 1603693 4268484 4032
 49610 0.079036 1596194 4232246 4292
 49710 0.078296 1602523 4251773 4168
 49810 0.082031 1598667 4251279 4168
 49910 0.080933 1567426 4195832 4168
 50010 0.081023 1620877 4347730 4168
 50110 0.080920 1614355 4320041 4168
 50210 0.081643 1623464 4332699 4172
 50310 0.083860 1627179 4338814 4172
 50410 0.087048 1622942 4285322 4044
 50510 0.085695 1625962 4321697 4044
 50610 0.087176 1636302 4376205 4304
 50710 0.081892 1638913 4364371 4176
 50810 0.081648 1652667 4392578 4176
 50910 0.085025 1639869 4389611 4436
 51010 0.083436 1637957 4351606 4180
 51110 0.083570 1646410 4405136 4180
 51210 0.085471 1657509 4412288 4184
 51310 0.083664 1650839 4373046 4184
 51410 0.083297 1659720 4418887 4052
 51510 0.082716 1670932 4442073 4052
 51610 0.083505 1664256 4466068 4312
 51710 0.088773 1673132 4444807 4188
 51810 0.084356 1671793 4444854 4188
 51910 0.090232 1694376 4534883 4448
 52010 0.086125 1680033 4487444 4188
 52110 0.085286 1696059 4541392 4188
 52210 0.083665 1690768 4554795 4448
 52310 0.088152 1709113 4553925 4188
 52410 0.085978 1692132 4506263 4188
 52510 0.085366 1711304 4536870 4192
 52610 0.086731 1696718 4508171 4192
 52710 0.085995 1686483 4516672 4452
 52810 0.085021 1703632 4545573 4196
 52910 0.086501 1701685 4530966 4196
 53010 0.086380 1721358 4622956 4456
 53110 0.090758 1716642 4591521 4196
 53210 0.098231 1723869 4624336 4196
 53310 0.088930 1717507 4567305 4204
 53410 0.086513 1728328 4647348 4204
 53510 0.087150 1729540 4612421 4072
 53610 0.087481 1738656 4649269 4072
 53710 0.091572 1725901 4583634 4332
 53810 0.087065 1742933 4690042 4204
 53910 0.093980 1747876 4630680 4204
 54010 0.087198 1746782 4709072 4464
 54110 0.088408 1755237 4679677 4208
 54210 0.089339 1762774 4751681 4208
 54310 0.088439 1758960 4748537 4212
 54410 0.092444 1768636 4719027 4212
 54510 0.088904 1767949 4731149 4080
 54610 0.089234 1777266 4766770 4080
 54710 0.088484 1766696 4687509 4340
 54810 0.089376 1778119 4789375 4216
 54910 0.090220 1778214 4756572 4216
 55010 0.088884 1778238 4760505 4476
 55110 0.091647 1785760 4746598 4216
 55210 0.092780 1795429 4836695 4216
 55310 0.090001 1788679 4778988 4220
 55410 0.093246 1802021 4839326 4224
 55510 0.091451 1797100 4762789 4092
 55610 0.093134 1810020 4829968 4092
 55710 0.091798 1805878 4849789 4352
 55810 0.092350 1809883 4855891 4224
 55910 0.093152 1822225 4863146 4224
 56010 0.092826 1826568 4915712 4484
 56110 0.092335 1830937 4909559 4224
 56210 0.092909 1835228 4917723 4224
 56310 0.092284 1830174 4893178 4484
 56410 0.093399 1833069 4829637 4228
 56510 0.094075 1835308 4935625 4228
 56610 0.091457 1842347 4904347 4228
 56710 0.092563 1833758 4894818 4228
 56810 0.092483 1851531 4947322 4488
 56910 0.093182 1851954 4917916 4232
 57010 0.099705 1863919 4952289 4232
 57110 0.106102 1863093 4973063 4492
 57210 0.094483 1855649 4980810 4236
 57310 0.094099 1857299 4954483 4236
 57410 0.094928 1867795 5000702 4240
 57510 0.095193 1864476 4956572 4240
 57610 0.094956 1871301 5029751 4112
 57710 0.094880 1883744 5006616 4112
 57810 0.093228 1868709 5014886 4372
 57910 0.093590 1873258 5012847 4244
 58010 0.094206 1893843 5075335 4244
 58110 0.094577 1893481 5106097 4504
 58210 0.096030 1889356 5035332 4244
 58310 0.097379 1894089 5039788 4244
 58410 0.095603 1906484 5087975 4252
 58510 0.096474 1897591 5068628 4252
 58610 0.095932 1913596 5141839 4120
 58710 0.096911 1916551 5118925 4120
 58810 0.094969 1911481 5123702 4380
 58910 0.097005 1930332 5170894 4252
 59010 0.099853 1928474 5129331 4252
 59110 0.098136 1925423 5146094 4512
 59210 0.097224 1942392 5165495 4256
 59310 0.102493 1942258 5124752 4256
 59410 0.097934 1944884 5189601 4260
 59510 0.106753 1950503 5252840 4260
 59610 0.117330 1950572 5191634 4128
 59710 0.101149 1951398 5216484 4128
 59810 0.101232 1958350 5249131 4388
 59910 0.099633 1965338 5263775 4264
 60010 0.100514 1974424 5287529 4264
 60110 0.100136 1983317 5279831 4524
 60210 0.102738 1970224 5231861 4264
 60310 0.100460 1989583 5348509 4264
 60410 0.100454 1990402 5268536 4524
 60510 0.102201 1994527 5299169 4268
 60610 0.100325 1985746 5300247 4268
 60710 0.101377 2006035 5364076 4268
 60810 0.100876 2008919 5376057 4268
 60910 0.100901 2001282 5305038 4528
 61010 0.100561 2018634 5421516 4272
 61110 0.100817 2020138 5360326 4272
 61210 0.104733 2023826 5405389 4532
 61310 0.102687 2026858 5416757 4276
 61410 0.104294 2035886 5429384 4276
 61510 0.103614 2037731 5494371 4280
 61610 0.103371 2033307 5451841 4280
 61710 0.103913 2041196 5447001 4148
 61810 0.103493 2034764 5440902 4148
 61910 0.103061 2044779 5437415 4408
 62010 0.102450 2042718 5431985 4284
 62110 0.102893 2061584 5509818 4284
 62210 0.103461 2049880 5453583 4544
 62310 0.110067 2073363 5503439 4284
 62410 0.106432 2071954 5548567 4284
 62510 0.103882 2066216 5527012 4288
 62610 0.107498 2073058 5580627 4288
 62710 0.106859 2081732 5548003 4160
 62810 0.105803 2070221 5504090 4160
 62910 0.105814 2087214 5651586 4420
 63010 0.106957 2076045 5511275 4292
 63110 0.105817 2089765 5591980 4292
 63210 0.105912 2091305 5627438 4552
 63310 0.106681 2102242 5624575 4292
 63410 0.112020 2092369 5576905 4292
 63510 0.104418 2103713 5592975 4300
 63610 0.106963 2094086 5565516 4300
 63710 0.105625 2108534 5593640 4168
 63810 0.107688 2112815 5590016 4168
 63910 0.118889 2120818 5721543 4428
 64010 0.116018 2116164 5642507 4300
 64110 0.114543 2126057 5661264 4300
 64210 0.119022 2122244 5661497 4560
 64310 0.108332 2124356 5635977 4304
 64410 0.117468 2123470 5653997 4304
 64510 0.108885 2134656 5726762 4308
 64610 0.108049 2141134 5740894 4308
 64710 0.120922 2141046 5734163 4176
 64810 0.107890 2142084 5728290 4176
 64910 0.107904 2153283 5753956 4436
 65010 0.116199 2147370 5749591 4312
 65110 0.114364 2142927 5704436 4312
 65210 0.109519 2166932 5761115 4572
 65310 0.111892 2173909 5770344 4312
 65410 0.126905 2167688 5785158 4312
 65510 0.109651 2167939 5816706 4572
 65610 0.109993 2170987 5748319 4312
 65710 0.108804 2150667 5698049 4572
 65810 0.110541 2172868 5776586 4316
 65910 0.119902 2188498 5833170 4316
 66010 0.118704 2184591 5810596 4576
 66110 0.110448 2184905 5888995 4320
 66210 0.109842 2207236 5870089 4320
 66310 0.109672 2206498 5920264 4580
 66410 0.113322 2204898 5908061 4324
 66510 0.110617 2197137 5848257 4324
 66610 0.112283 2217761 5904964 4328
 66710 0.113918 2212915 5937958 4328
 66810 0.113001 2216231 5909134 4196
 66910 0.122209 2223339 5921910 4456
 67010 0.112001 2219894 5935774 4720
 67110 0.112578 2221067 5951015 4332
 67210 0.115519 2228631 5939978 4332
 67310 0.112601 2243254 6044801 4592
 67410 0.118811 2240688 5976117 4332
 67510 0.112179 2253635 6023808 4332
 67610 0.123519 2257766 6050665 4336
 67710 0.112244 2240375 5972373 4336
 67810 0.115321 2256758 6073151 4204
 67910 0.113898 2265175 6022792 4464
 68010 0.122321 2266467 6095094 4728
 68110 0.116682 2262817 6079650 4340
 68210 0.116350 2267472 6080571 4340
 68310 0.115481 2272954 6086681 4600
 68410 0.114154 2266445 6020565 4340
 68510 0.115049 2276252 6057599 4340
 68610 0.117032 2283221 6142742 4348
 68710 0.114491 2279813 6123632 4348
 68810 0.126431 2283366 6073283 4216
 68910 0.129881 2303741 6113637 4476
 69010 0.120438 2303942 6175334 4740
 69110 0.122567 2299764 6137092 4348
 69210 0.123591 2315225 6220978 4348
 69310 0.116369 2314677 6174638 4608
 69410 0.117153 2296760 6125120 4352
 69510 0.116801 2313731 6182708 4352
 69610 0.118047 2324982 6196381 4612
 69710 0.116828 2321900 6183366 4352
 69810 0.116445 2330514 6229496 4612
 69910 0.119816 2328438 6245251 4352
 70010 0.117178 2334896 6257472 4352
 70110 0.126661 2334266 6207593 4612
 70210 0.119155 2334206 6203170 4360
 70310 0.119727 2352763 6312123 4360
 70410 0.119529 2336683 6197078 4620
 70510 0.119299 2351370 6219164 4360
 70610 0.118949 2366639 6289245 4360
 70710 0.119219 2358621 6229218 4368
 70810 0.135953 2365011 6234740 4368
 70910 0.139095 2377712 6322267 4236
 71010 0.128104 2359094 6298334 4496
 71110 0.119084 2387203 6359688 4760
 71210 0.117705 2375017 6342136 4368
 71310 0.119551 2393174 6389827 4368
 71410 0.119273 2383869 6315245 4628
 71510 0.121660 2402467 6476615 4368
 71610 0.119747 2389077 6369410 4368
 71710 0.118668 2390692 6378969 4376
 71810 0.119853 2392972 6379910 4376
 71910 0.123966 2411528 6463792 4244
 72010 0.123609 2405652 6400052 4504
 72110 0.122318 2396009 6395360 4768
 72210 0.129274 2412937 6480151 4380
 72310 0.122933 2413852 6405067 4380
 72410 0.120971 2433117 6528610 4640
 72510 0.120518 2434248 6475501 4380
 72610 0.124620 2425725 6423319 4380
 72710 0.121138 2430624 6415978 4384
 72810 0.121176 2438947 6415066 4384
 72910 0.121386 2453284 6499751 4252
 73010 0.121000 2443523 6518564 4512
 73110 0.122218 2443166 6469974 4776
 73210 0.122892 2465148 6532396 4388
 73310 0.124309 2454360 6482447 4388
 73410 0.125936 2463875 6558810 4648
 73510 0.123408 2460456 6538273 4388
 73610 0.128668 2471391 6610918 4388
 73710 0.124733 2480868 6555326 4648
 73810 0.129742 2486047 6639114 4392
 73910 0.131699 2476827 6586645 4652
 74010 0.126660 2481453 6655979 4392
 74110 0.124213 2494655 6642942 4392
 74210 0.127474 2498827 6682392 4652
 74310 0.126527 2498309 6672141 4396
 74410 0.125959 2497221 6603611 4396
 74510 0.126726 2511741 6791544 4656
 74610 0.126026 2514651 6677059 4400
 74710 0.127062 2512762 6657891 4400
 74810 0.132375 2529773 6712966 4404
 74910 0.128218 2516296 6705693 4404
 75010 0.127725 2535442 6726802 4272
 75110 0.129405 2534282 6779488 4532
 75210 0.126623 2545916 6786795 4796
 75310 0.126610 2539770 6734563 4408
 75410 0.131301 2549080 6791765 4408
 75510 0.130361 2550445 6786058 4668
 75610 0.131787 2555771 6811169 4408
 75710 0.129783 2564027 6798323 4408
 75810 0.128536 2555354 6791041 4412
 75910 0.137355 2568590 6836549 4416
 76010 0.132117 2577605 6899237 4284
 76110 0.130605 2570385 6846488 4544
 76210 0.131022 2577022 6853879 4808
 76310 0.129072 2550174 6834631 4416
 76410 0.129801 2575740 6842363 4416
 76510 0.131151 2585388 6850053 4676
 76610 0.128730 2593032 6911504 4420
 76710 0.129412 2598656 6952899 4420
 76810 0.132113 2609419 6900366 4424
 76910 0.128490 2578164 6857224 4424
 77010 0.131072 2603260 6928393 4292
 77110 0.131722 2611467 6948949 4552
 77210 0.155879 2625660 7046475 4816
 77310 0.139313 2610907 6990198 4424
 77410 0.131998 2639084 7023999 4424
 77510 0.129380 2624349 7003935 4684
 77610 0.132212 2624843 6993218 4428
 77710 0.138367 2642991 7035255 4428
 77810 0.134721 2643661 7029431 4688
 77910 0.147001 2654615 7069690 4428
 78010 0.132540 2659128 7145965 4688
 78110 0.132311 2647151 7018845 4432
 78210 0.132700 2652260 7019054 4432
 78310 0.130748 2658366 7053202 4692
 78410 0.129911 2631135 6977647 4436
 78510 0.132104 2670200 7105347 4436
 78610 0.134502 2661175 7021234 4696
 78710 0.133440 2677654 7127541 4436
 78810 0.132540 2672181 7071101 4436
 78910 0.133823 2666467 7073231 4444
 79010 0.134810 2684855 7236739 4444
 79110 0.132963 2669399 7130307 4312
 79210 0.133324 2691886 7175891 4572
 79310 0.133413 2697858 7199567 4836
 79410 0.137294 2690886 7207418 4444
 79510 0.133160 2689028 7074709 4444
 79610 0.132744 2705056 7222790 4704
 79710 0.133454 2710770 7222029 4448
 79810 0.133337 2713234 7215612 4448
 79910 0.134652 2711678 7257699 4452
 80010 0.134212 2717416 7248583 4452
 80110 0.135582 2716741 7233679 4320
 80210 0.135631 2733070 7234371 4580
 80310 0.133057 2709018 7210816 4844
 80410 0.135659 2733825 7290099 4456
 80510 0.135557 2736257 7317439 4456
 80610 0.136142 2732910 7261985 4716
 80710 0.135028 2735379 7253339 4456
 80810 0.135072 2758594 7396934 4456
 80910 0.137275 2757016 7393493 4460
 81010 0.136382 2751755 7317473 4460
 81110 0.139682 2737121 7279579 4332
 81210 0.139375 2751494 7333285 4592
 81310 0.134101 2748057 7282769 4856
 81410 0.135629 2755933 7401765 4464
 81510 0.135484 2759187 7336399 4464
 81610 0.143092 2770189 7360250 4724
 81710 0.136706 2784967 7436422 4468
 81810 0.179902 2789866 7436571 4468
 81910 0.136757 2779201 7361964 4728
 82010 0.135731 2779979 7412365 4468
 82110 0.137259 2787998 7435536 4728
 82210 0.138073 2807977 7445683 4468
 82310 0.140064 2802227 7499321 4468
 82410 0.138448 2799174 7484433 4728
 82510 0.147176 2797751 7494710 4472
 82610 0.141333 2807889 7527733 4472
 82710 0.142749 2813577 7512752 4732
 82810 0.141383 2812615 7460458 4476
 82910 0.147616 2828050 7549319 4476
 83010 0.142783 2826627 7517312 4480
 83110 0.139499 2818757 7499426 4480
 83210 0.140838 2822661 7547944 4352
 83310 0.141178 2822150 7518277 4612
 83410 0.140537 2831473 7553404 4876
 83510 0.142005 2837738 7627861 4484
 83610 0.143883 2854249 7575552 4484
 83710 0.141562 2837055 7570986 4744
 83810 0.146593 2857054 7751463 4484
 83910 0.140188 2866744 7681636 4484
 84010 0.139544 2854040 7654086 4492
 84110 0.146239 2878917 7653802 4492
 84210 0.141091 2853329 7532206 4360
 84310 0.142804 2866617 7693967 4620
 84410 0.144118 2865695 7672571 4884
 84510 0.167986 2882246 7688076 4492
 84610 0.151826 2873033 7650723 4492
 84710 0.160567 2870523 7636769 5016
 84810 0.157057 2898065 7821797 4496
 84910 0.150206 2882964 7775017 4496
 85010 0.157201 2896379 7770212 4500
 85110 0.152519 2913732 7739752 4500
 85210 0.166019 2911036 7746905 4368
 85310 0.152198 2900916 7768364 4628
 85410 0.150176 2905666 7762627 4892
 85510 0.151454 2912595 7805818 4504
 85610 0.153347 2907995 7849502 4504
 85710 0.155998 2917352 7802899 5028
 85810 0.152038 2909730 7778829 4504
 85910 0.150420 2935257 7846767 4504
 86010 0.152673 2941016 7878653 5028
 86110 0.155798 2935022 7834671 4508
 86210 0.157595 2922345 7855071 4768
 86310 0.156019 2959141 7977976 4508
 86410 0.154878 2937772 7815296 4508
 86510 0.155426 2947431 7968643 5032
 86610 0.145015 2965474 7936268 4512
 86710 0.150198 2957261 7894647 4512
 86810 0.148327 2975874 7945413 5036
 86910 0.149452 2958404 7866583 4516
 87010 0.150013 2974341 7995209 4516
 87110 0.149224 2990033 7996625 4520
 87210 0.149861 2982033 8033586 4520
 87310 0.150757 2992948 7996825 4388
 87410 0.149819 2996658 8040526 4648
 87510 0.147146 2987338 7953679 4912
 87610 0.161094 2987217 8070183 4524
 87710 0.147679 2993528 8035608 4524
 87810 0.148259 3020143 8040008 5048
 87910 0.150625 3018442 8120782 4524
 88010 0.149916 3006660 8046943 4524
 88110 0.156520 3012253 8022252 4528
 88210 0.157419 3027831 8142849 4528
 88310 0.154207 3022766 8081078 4396
 88410 0.156595 3033513 8085301 4656
 88510 0.153196 3026933 8096214 4920
 88610 0.158920 3027032 8076133 4532
 88710 0.164528 3036817 8186941 4532
 88810 0.161578 3039098 8160268 5056
 88910 0.158539 3049757 8108320 4532
 89010 0.154654 3035157 8136511 4532
 89110 0.155518 3058948 8169313 4540
 89210 0.158489 3059634 8219309 4540
 89310 0.153181 3055707 8201516 4408
 89410 0.151554 3075147 8248438 4668
 89510 0.155085 3063500 8229483 4932
 89610 0.157660 3061186 8157474 4540
 89710 0.156192 3069098 8182572 4540
 89810 0.155905 3072317 8219435 5064
 89910 0.154909 3075916 8271695 4544
 90010 0.170775 3090813 8204970 4544
 90110 0.160465 3095169 8307078 4548
 90210 0.161648 3110137 8327062 4548
 90310 0.160393 3102401 8331226 4416
 90410 0.156928 3106053 8296986 4676
 90510 0.171240 3124141 8362357 4940
 90610 0.166914 3112415 8283447 4552
 90710 0.161893 3121357 8420271 4552
 90810 0.169809 3132160 8380284 5076
 90910 0.157880 3091399 8283646 4552
 91010 0.159891 3124962 8349241 4552
 91110 0.160391 3135439 8353027 5076
 91210 0.160764 3121909 8323930 4552
 91310 0.162298 3144283 8411475 4812
 91410 0.161917 3131810 8445979 4556
 91510 0.161492 3145290 8386903 4556
 91610 0.161361 3149294 8466609 5080
 91710 0.161961 3152795 8448338 4560
 91810 0.166082 3156358 8433428 4560
 91910 0.177257 3144634 8454943 5084
 92010 0.175782 3159991 8458707 4564
 92110 0.177693 3168777 8467193 4564
 92210 0.164836 3169325 8504734 4568
 92310 0.165064 3173049 8519415 4568
 92410 0.175490 3179741 8490950 4436
 92510 0.169611 3175249 8476321 4696
 92610 0.180349 3185909 8471233 4960
 92710 0.173522 3196970 8642658 4568
 92810 0.170214 3187418 8537666 4568
 92910 0.162016 3189228 8576564 5092
 93010 0.166899 3192378 8531816 4572
 93110 0.175215 3205307 8545364 4572
 93210 0.171089 3191386 8534190 4576
 93310 0.166405 3198306 8576046 4576
 93410 0.161413 3205141 8579455 4448
 93510 0.159808 3215783 8655535 4708
 93610 0.162992 3210249 8678127 4972
 93710 0.161260 3215930 8573633 4580
 93810 0.161608 3214074 8645888 4580
 93910 0.162819 3225056 8699812 5104
 94010 0.181800 3227507 8646794 4580
 94110 0.171336 3216935 8561783 4580
 94210 0.171623 3218525 8601005 4588
 94310 0.167963 3246909 8740151 4588
 94410 0.171087 3229126 8628821 4456
 94510 0.167365 3233608 8678367 4716
 94610 0.165848 3247129 8635951 4980
 94710 0.167884 3244576 8745252 4588
 94810 0.169183 3244980 8698746 4588
 94910 0.166113 3255168 8757910 5112
 95010 0.171350 3274252 8792505 4592
 95110 0.169933 3274356 8774006 4592
 95210 0.174468 3279194 8813206 5116
 95310 0.168217 3277431 8750833 4592
 95410 0.159096 3190020 8532969 4852
 95510 0.170906 3295466 8882556 4592
 95610 0.180160 3287873 8856458 4592
 95710 0.168434 3275828 8798439 5116
 95810 0.178217 3281934 8839874 4600
 95910 0.166735 3299812 8883417 4600
 96010 0.178320 3285986 8767728 5124
 96110 0.171361 3309684 8926377 4600
 96210 0.176618 3298417 8828664 4600
 96310 0.178252 3314890 8846243 4604
 96410 0.168523 3320185 8921191 4608
 96510 0.173820 3325329 8925273 4476
 96610 0.174121 3315063 8919548 4736
 96710 0.171371 3333574 8963283 5000
 96810 0.173428 3328302 8902896 4608
 96910 0.170886 3335418 8966710 4608
 97010 0.184554 3346837 8945306 5132
 97110 0.171657 3349198 8998848 4612
 97210 0.183841 3336200 8915323 4612
 97310 0.175755 3363018 8994569 4616
 97410 0.191970 3334023 8968328 4616
 97510 0.177552 3370017 8974889 4484
 97610 0.170650 3368728 9065605 4744
 97710 0.176353 3367984 8967255 5008
 97810 0.179633 3358207 9015070 4616
 97910 0.177133 3386831 9081772 4616
 98010 0.172823 3379123 9152468 5140
 98110 0.175781 3371504 9001344 4620
 98210 0.173429 3395003 9064368 4620
 98310 0.179712 3390811 9153404 4624
 98410 0.175605 3379009 9002971 4624
 98510 0.176500 3401538 9122419 4492
 98610 0.180035 3409956 9204319 4752
 98710 0.172431 3405383 9220245 5016
 98810 0.175329 3377616 9066944 4628
 98910 0.181822 3414743 9137496 4628
 99010 0.187595 3411001 9257296 5152
 99110 0.179650 3427243 9175002 4628
 99210 0.175896 3395967 9130348 4888
 99310 0.180748 3425233 9197112 5152
 99410 0.199427 3426139 9176657 4632
 99510 0.182158 3431286 9200485 4892
 99610 0.184892 3434953 9223667 4632
 99710 0.179443 3439773 9205295 4892
 99810 0.167874 3334767 8947004 5156
 99910 0.172301 3448460 9258495 4636
